,Unnamed: 0,TRACK_ID,FRAME,ID,track_id_unique,track_id_parent,pos_x,pos_y,dt1_n0_dx,dt1_n0_dy,dt2_n0_dx,dt2_n0_dy,dt4_n0_dx,dt4_n0_dy,dt8_n0_dx,dt8_n0_dy,dt12_n0_dx,dt12_n0_dy,dt16_n0_dx,dt16_n0_dy,dt6_n0_dx,dt6_n0_dy,dt10_n0_dx,dt10_n0_dy,track_id_unique_pred,track_id_parent_pred
0,0,0,0,11649,11,0,902.3345363922259,1269.5147052129255,2.6020922702125517,-5.833913316642112,2.395484944029932,-10.239726933220707,-0.7496092294205708,-13.899390865402665,34.8756056145437,-23.65127896907529,5.029328849059425,-41.17534718952811,2.393155454662633,-44.733422645004794,42.55588904480158,-22.48033835708088,23.09483364483389,-33.817648459726804,1,0
1,1,1,0,11015,12,0,1028.45651141625,823.7599218679968,13.675281571580856,-10.255957543795148,27.769109667728344,-18.238896323133762,45.021635302870436,-31.76540512272413,73.1571814596989,-51.47587023452013,98.97493851131685,-73.08755204886825,101.33663806223969,-81.85114062726461,65.62957939732814,-45.00989627303626,86.61090255577255,-61.725388678551205,2,0
2,2,2,0,10952,16,0,425.3959300146003,778.0921215382751,0.03322629760958762,-2.7880853827131205,-35.272209821804545,-11.135291031601696,-30.679852076978136,-8.677598137104155,-101.66665015149755,-30.75967862752657,-80.02331189265901,-8.711856478834989,54.30936791592836,35.63136699789755,-62.8100980189555,-19.917037783547016,-110.19642708346164,-25.919961981503434,3,0
3,3,3,0,10858,17,0,1954.347197850938,698.4503363807971,-5.483835055312512,17.91998888930505,-6.8987863807560625,28.759780861276678,-25.94332266288279,51.732621204087756,-145.5427078968651,110.99380011002687,-324.37993481518396,99.34356850788004,-402.6710952265757,58.111114834177435,-63.1566566989129,75.23136530142847,-253.3762968678457,110.91935187281638,4,0
4,4,4,0,12106,22,0,1704.1917473499027,1525.8081687967997,12.933688502001589,-4.615004608131129,21.167415154616037,-8.829559922740374,8.098612277775599,-15.164350318867722,-32.245343559401825,-46.70780257379647,-71.76382095732038,-65.82605004332163,-158.99283994442567,-99.34208384846261,-17.706902420433153,-39.36491636290157,-46.28855515711052,-56.98719489421478,5,0
5,5,5,0,12459,27,0,1690.3389540158316,1802.5186420295367,57.00177244798374,-61.63168540199422,125.97927569676015,-101.38321204199406,307.1154642280842,-170.88562875263847,0.0,0.0,0.0,0.0,0.0,0.0,0.0,0.0,0.0,0.0,6,0
6,6,6,0,12079,5,0,747.1144205950017,1517.0785698369134,6.846739928497982,-7.5686929719856835,9.552778111243242,-10.013963004386824,10.537681550317984,-8.332311920697748,16.787275319103856,-4.6953003078710935,1.81738100955738,1.7194722086549064,26.76841785651845,9.599186511189146,10.500985074539473,-4.837901998690995,-0.6280544282487881,-2.5122234540929185,7,0
7,7,7,0,10322,15,0,917.8299310825882,365.73772220124636,-22.796635101076845,64.5557137689213,-64.93977761550968,65.58774338164415,-153.06583144569913,52.57031162741674,-98.07164928628777,-164.80328199510762,-154.70431118966337,-334.9447797904056,0.0,0.0,-154.9644135114204,-64.50038316006527,-72.35814377550808,-251.59334554488743,8,0
8,8,8,0,10003,18,0,1076.6996469093558,159.86508612315941,1.176858813156514,-19.165701867265483,5.470754442578027,-26.768693740850463,12.849930485280538,-10.931561480128071,13.100891895409859,-20.19166994536832,7.35974977676824,14.080726127320359,5.849413864682219,-26.290659948115465,13.2455271864294,-19.886776145579997,8.645782436915624,15.07757518729633,9,0
9,9,40,0,10611,26,0,2039.0152926146948,546.0040950307126,-19.882239233377504,-0.8534197909676777,-24.869976986077752,-10.296166419804653,-46.99571788778326,-6.450822004095357,-67.8581226543738,1.7582895678083332,-98.07164847722423,19.893185296104893,-149.3107415807556,33.594622114100844,-57.916138662123565,-0.44143949308022457,-79.88253772983103,8.22523276638276,10,0
10,10,10,0,11251,1,0,1708.5970733953498,989.9360535875787,4.084578480464644,-12.171519312556939,8.420583444305747,-18.950901684234733,9.209907518305043,-26.663713092358762,8.051880148463624,-45.44308795334086,-19.407503860822548,-44.212848894535455,0.0,0.0,13.022482809254825,-34.90120493349229,-4.561261080830036,-13.105979301829619,11,0
11,11,11,0,11699,4,0,403.26188008848425,1305.3899079949992,3.0542923969878197,4.396788114485844,9.277191647214693,-3.3567816506074446,9.431208891307847,-3.500306855784629,11.137664855788726,-4.5583778134041495,8.69965234939582,6.076845262436109,9.766486441383787,17.896534213909487,11.174899770526679,-5.138054279828566,9.297868388047732,5.417077137470415,12,0
12,12,12,0,10420,25,0,49.76345230521076,433.53929257092796,16.56794892511364,-14.174049088452305,51.36928915869,-43.116930518884146,133.6638914878763,-104.55147431084032,289.8582704577463,-163.28694356439388,324.10343772945663,-180.93790910570408,358.7971600100206,-140.51678102489714,229.76427031583702,-157.11438168390885,308.27995552876416,-190.15427763529632,13,0
13,13,13,0,11093,8,0,1357.816406502132,876.8671396046375,0.9047841557951416,-3.99182153979541,5.130252735465547,-10.314277298150161,4.975777298805724,-12.71479839093672,-2.0770763498219367,-14.8473450003994,-0.3487348679802835,-15.255194392069145,-0.3976845105144093,-16.294631647164806,3.9458747074518215,-13.65167347974375,1.4015505476766066,-15.804814419934358,14,0
14,14,14,0,12245,21,0,863.4436165104448,1652.0952711516406,12.434692943465393,-9.373140681294217,34.146964171393165,-8.887649988972269,82.51075690607469,8.494135905047187,109.88879371781887,22.53019543321057,124.89376039974606,28.82464318211441,165.33431255862968,29.606235511668054,98.31042977318873,26.723760578137217,93.63729572397459,13.355640193015006,15,0
15,15,3,1,36802,17,0,1700.9709009830926,809.3696882536134,-33.40783043694637,0.09377453818080994,-71.00363794733835,-11.575783364936342,-134.59403117786792,-40.632026881741005,-175.41679139254825,-70.11437926053043,-189.8159956690017,-130.56378009320497,-185.14246678629345,-173.1955090643061,-149.29479835873008,-52.808237038638936,-189.8003106721651,-92.81985476175804,4,0
16,16,2,1,36708,16,0,315.1995029311387,752.1721595567717,16.001998206165187,7.701261955023937,30.17311519080261,17.208105502668445,79.05894866782181,30.94755728668121,246.46234217880715,99.26627256017832,305.6124209598638,168.2202174354077,385.11453679819846,216.4239114956676,164.50579499939,61.55132897940098,266.69006799392434,123.949274974569,3,0
17,17,8,1,35621,18,0,1085.3454293462714,174.9426613104557,-1.5626469113055919,0.5733014618241725,-1.2860326601473844,-0.9968490599759718,-10.246286750869556,-38.95560545460745,-11.648243782974074,-32.37866615416601,-7.8066640231413675,-37.0412568790216,-4.9090452698776526,-31.33412607058159,-2.7963685722334044,-41.36823513541179,-10.403370602769199,-33.32147495563298,9,0
18,18,13,1,36869,8,0,1359.2179570498085,861.062325184703,-1.8550346029971927,0.965000006708692,-1.75028541565689,0.5496200278652168,6.044651910922995,1.7389285240049048,4.207244929964418,0.5349419616478599,2.0863778264431403,-1.8671525718634712,0.0,0.0,-1.7992350581910157,-0.4898172272304464,4.232038640187966,-0.7969206694029936,14,0
19,19,6,1,37832,5,0,746.4863661667529,1514.5663463828207,3.143324302090264,2.27815883304811,2.445435437806168,4.231695662747826,9.09236124181939,6.758526391426583,35.04628048743609,13.908776356226324,22.691316278131012,10.599452054517316,23.02072850432705,5.184982269210423,27.39647228476724,12.111409965282064,19.03943347418397,12.953544591710852,7,0
20,20,40,1,36329,26,0,1959.132754884864,554.2293277970954,-6.945643697119068,6.4023511920769325,-18.18911074739321,11.667952529722127,-34.72882678021688,20.405634663231922,-132.170533575945,70.22275701446517,-166.7174243031916,102.0198141877828,-178.12006383512383,112.92052629171155,-69.42820385092455,25.36938934771809,-164.22292995265386,98.20170642822168,10,0
21,21,10,1,37033,1,0,1704.0358123145193,976.8300742857492,-7.34376727015524,-16.802106851896948,-14.846242779992508,-31.10686959270584,0.0,0.0,0.0,0.0,0.0,0.0,0.0,0.0,0.0,0.0,0.0,0.0,11,0
22,22,4,1,37769,22,0,1657.9031921927924,1468.8209739025851,-7.3327112625520385,-1.6862282839454108,-25.47526580020985,-8.838855149106848,-53.601352800611274,-16.66114145864685,-164.92179023978952,-67.77070959777689,-371.1824023455877,-129.40622181248796,-427.6568660126408,-162.632717784855,-112.70428478731516,-42.354888954247826,-240.112490858068,-92.27023527117832,5,0
23,23,14,1,38057,21,0,957.0809122344192,1665.450911344656,14.882142040852955,10.092757341055403,31.25646467577144,15.469002989099407,49.62852004308331,13.283695060486481,82.2997252488002,21.017461170723664,72.1841270673955,-26.280300029427515,102.20988692178105,-25.31664337606957,71.69701683465506,16.25059531865304,69.01982284603548,-6.532058177064528,15,0
24,24,1,1,36717,12,0,1115.0674139720225,762.0345331894458,3.797265410780028,-4.1965660471192905,12.364035955544296,-11.362163370317035,20.570053645730237,-17.757653759232085,-6.794381393579442,-28.91603830578788,6.87988549780539,-36.93280732594781,27.241321902841946,-44.39546391553529,14.725735506467116,-20.125751948713397,-3.5667101458095662,-33.84043130571672,2,0
25,25,7,1,35534,15,0,845.4717873070799,114.144376656359,-19.476851431469413,-53.43023888980696,-82.34616741415526,-83.35143424551819,0.0,0.0,0.0,0.0,0.0,0.0,0.0,0.0,0.0,0.0,0.0,0.0,8,0
26,26,12,1,35726,25,0,358.0434078339748,243.38501493563163,3.418345613156987,4.177376576995471,15.82348220069241,9.216368529592245,39.36728354953192,35.32970731890927,72.43016046648256,80.61864240538094,82.90626811190464,86.44216131098509,108.11094222112727,126.29094305583678,50.51720448125656,49.637496610399154,69.83102944648948,59.52612942121309,13,0
27,27,16,1,38321,28,0,1222.5364466375665,1828.66286520637,5.231671470723995,-7.265212188023725,8.94933322706106,-13.41564306154396,14.801598168707187,-25.899183647350355,21.308640785798843,-60.45491280473402,40.34652468737932,-132.6909567964476,60.981571854799995,-190.4634862048415,16.689028718605414,-40.18319406896649,29.0616314654269,-93.12145858439315,16,0
28,28,0,1,37403,11,0,925.4293700370598,1235.697056753199,-14.876905982664653,-4.570641967301982,-18.06550479577448,-7.357698729801314,-22.68740878180017,-12.726228328659092,-16.840162055248925,-10.930421425164239,-4.172936550087002,-9.887714768981596,9.094515897039287,-2.909085522165242,-20.701678190171265,-10.915774185277996,-14.985202725168392,-10.651948891833172,1,0
29,29,11,1,37499,4,0,412.559748476532,1310.8069851324694,-1.3061308211541698,-0.8117775630794313,-0.5982160386519126,0.6597681249656944,-0.2357763138159612,5.453186430939013,-2.19651728073967,24.441508156599184,-7.804273574204272,46.619926402862575,-13.207010581093641,63.7635226703369,0.4686180533360584,12.479457076439074,-4.681220885128198,38.263685155027815,12,0
30,30,16,2,67392,28,0,1251.5980781029934,1735.5414066219766,4.424378205812673,-14.41141578530278,11.284893221952414,-39.56949821205444,24.88976597866304,-78.26131024563028,43.51606161729319,-123.0648997390308,73.13279146484342,-169.069441482628,84.47238832934137,-178.59991289055492,31.91994038937309,-97.3420276204483,67.56999462655403,-154.99049370430495,16,0
31,31,13,2,66019,8,0,1363.4499956899965,860.2654045153001,-4.31353605345771,0.7353068720620968,-2.1456608137448256,-1.0702319024604776,-6.187008583974148,0.04287399120960345,0.0,0.0,0.0,0.0,0.0,0.0,0.0,0.0,0.0,0.0,14,0
32,32,10,2,66371,2,1,1723.940747636577,1082.4895222727114,2.7033464766607267,32.4932418934477,1.1688331484317591,60.84248028812135,12.83362902437284,101.18910647271605,21.643280510029392,135.58774190239686,29.101481432091532,147.8946846161459,36.767461543289535,143.61767306515594,15.928624647257266,129.63958462643086,25.121111331881817,141.87647022022543,17,0
33,33,2,2,66050,16,0,581.889570925063,876.1214345313408,21.732890064987373,23.426992202927753,38.92235296593947,44.27094246083868,74.67055756109517,66.66975988662182,132.22395111901358,98.88165566820828,190.10925177224613,105.80391682253288,157.22197608894623,96.02605606862915,118.42446880427416,92.47463652109863,169.16962238540214,106.21573755179043,3,0
34,34,11,2,66791,4,0,407.8785275914038,1349.0706702874975,-1.152812985939761,4.955251394289236,-3.123052689076076,8.35624124783476,-7.127694671314032,18.46033953323536,-10.296239370348928,35.09612963077961,-12.438499931965847,40.03919860723022,-16.02560850369514,47.188798268608025,-8.525789695965443,25.499837515309075,-10.401595840439713,38.43073628938601,12,0
35,35,8,2,64838,18,0,1074.9420587435022,141.62118635482273,1.5469911467318982,-1.7420860777693292,2.596706579627835,-3.71978192338861,-7.161676237260963,7.6573424476775935,0.0,0.0,0.0,0.0,0.0,0.0,5.494325332891549,1.987348885051404,0.0,0.0,9,0
36,36,17,2,64616,31,0,713.9895860252674,18.54468661408386,36.01603901692033,-18.54468661408386,74.01632401905783,-18.54468661408386,117.97834225163,40.315858806358975,124.5549029265968,196.6019419548291,9.490746657586444,262.8758643245625,-7.260551074769863,391.2801989402203,88.41375214249081,133.75272629511224,55.224701623182,211.3125390178349,18,0
37,37,12,2,65098,25,0,427.8744372804644,302.91114435684466,13.540971701774652,23.22823997899264,13.075238665415153,26.916031889772,27.34879907196938,48.37161378041088,16.195953374095154,13.174679688185279,-96.28202441530931,-115.823487466904,-148.83488811022943,-187.57101898021824,38.279912774637815,66.76481363462369,-20.59534510440119,-40.509776378859954,13,0
38,38,40,2,65708,26,0,1794.90982493221,652.431034225317,-3.0516667137464992,2.996682085513953,-2.494494350537707,3.818107759561144,-7.246787802763264,7.387827324492264,-16.32588825939615,20.088726618653368,0.4799458796408089,15.262125919230925,42.901023158387936,-37.14229162210074,-13.897133882469914,14.718819863489898,-8.952837583564358,20.597108434503753,10,0
39,39,14,2,67276,21,0,1026.1007350804548,1658.9188531675916,-1.558671705662846,-14.385616199588867,3.1643042213599983,-19.74824185236298,22.597462034430013,-23.46669782242293,39.07391486793245,-12.996956843875525,44.91398678684891,-28.20791362662089,52.408458814676116,-34.26263298352683,33.19006407574557,-18.78458519900505,39.955954671873776,-8.611874299419469,15,0
40,40,6,2,67089,5,0,765.5257996409367,1527.5198909745316,2.1490890885818317,-0.2784718409500329,3.6518828039470463,-2.3540925371935373,4.834770551987162,-6.593243810158127,3.2083317202277613,-9.72280354223858,1.1344397164199336,-14.329745770610545,0.3795333961958249,-12.105811850062766,3.981295030143088,-7.768562322500429,3.9821129303261382,-12.904406509592034,7,0
41,41,10,2,65936,3,1,1747.3789262521286,794.7464349316102,11.218290811489622,-13.821548646075824,22.84580214400262,-26.71673642987719,50.104370127759715,-50.57859741777486,82.9019339612446,-62.45481282776326,96.62303217515024,-66.21837185123582,121.13508760297483,-54.24088113995674,69.18891350558442,-60.56247895845331,88.84597132273144,-64.69305686254371,19,0
42,42,4,2,66834,22,0,1417.7907013347242,1376.5507386314066,-81.71629466069908,-26.61346317110588,-131.06991148751968,-37.13598654130965,-176.77099320795674,-46.991158316411656,-185.10471578469787,-176.96122736293614,-180.57171202483602,-272.3108659235727,-192.53063687991653,-279.19824475905534,-187.54437515457286,-70.3624825136767,-180.64594049121231,-250.33826513986423,5,0
43,43,3,2,65785,17,0,1511.170590310927,716.5498334918555,-1.5941216595574588,-21.484256323859654,-0.015684996836625942,-37.74392533144693,1.2976818464285316,-59.51966094108752,9.413795516974917,-97.02150106122292,13.894063437625618,-126.16920350247514,52.634077200379814,-140.18914286972014,4.657843885871671,-80.37565430254801,0.4822175168237664,-117.39010454599918,4,0
44,44,1,2,65819,12,0,1111.5007038262127,728.194101883729,4.492358829904333,0.5863674471438571,10.446595643614957,-3.092376020231088,27.08482056878438,-8.671603650646489,30.02624551729559,-9.754899839790935,60.29496758034793,-37.016004633281,85.20688372688437,-63.48412301998974,30.80803204865152,-10.555032609818568,39.80219836456058,-16.275031572811145,2,0
45,45,0,2,66557,11,0,910.4441673118912,1225.0451078613658,5.471025754709103,-0.3525466309472449,10.812266175081394,0.7642341228515761,15.923787772275432,4.296090332153426,52.155928213228435,13.155207322405658,0.2930832534391357,3.301829966068226,-7.305572877704207,5.8239385366123315,24.07971862220768,7.742863369667928,63.810799704204435,13.76711022559175,1,0
46,46,1,3,94400,12,0,1151.3029021907735,711.9190703109178,6.292951391692668,-8.727831085052799,20.492769215787348,-20.74097306046985,37.14467622871939,-41.37192889843766,55.218654609368286,-58.79296502722434,73.13926060185167,-80.8193529638014,82.46449068583092,-96.60831349144587,45.40468536232379,-47.209091447178594,68.57164069583678,-73.31025344216151,2,0
47,47,0,3,95171,11,0,974.2549670160961,1238.8122180869575,-37.10777871555979,-9.936199321934282,-63.517716450765285,-10.465280259523523,-83.98652256506455,-11.307379043819086,-96.62060452711486,-9.114587617693134,-73.92678551888696,-9.009314162244893,-70.81968432132328,-10.599645185961208,-71.11637258190865,-7.94317168897942,-75.48408159121527,-10.112116877830431,1,0
48,48,11,3,95426,4,0,397.47693175096407,1387.5014065768835,-0.28833576778657743,-0.13712465885851088,-2.0369040915261394,1.6084623178442143,-0.7237403316207747,2.8410712935472016,-9.042192922245931,16.017720437146636,-8.39231032943087,19.72912548601789,-2.4634351616908248,-42.05110711571183,-5.624012663255428,8.75806197922202,-8.726585823953542,20.936654652591415,12,0
49,49,4,3,94980,22,0,1237.144760843512,1126.2124734915421,4.251840509300564,-8.065952440963883,0.07422846637632574,-21.972600783708454,-10.486470546290775,-30.80833353652429,-25.441045192399315,-94.10657579295685,-38.76329343210523,-114.79436586693964,-42.819835888567695,-124.402731538976,-11.884696388704242,-28.859979619191108,-33.123522167368954,-110.66807834776672,5,0
50,50,12,3,93255,25,0,407.27909217606316,262.4013679779848,-51.096541533156774,-29.064119393168678,-75.68667931090813,-75.31371108804404,-110.38378632584715,-136.8466484920786,-155.34038762942606,-184.46338787428581,-175.82507125850574,-211.30692064414055,-177.34931123973823,-188.29149301754018,-128.23954300582824,-147.06124260135832,-153.03093438449767,-175.9065539587069,13,0
51,51,14,3,95815,21,0,1066.0566897523286,1650.306978868172,0.609958104768566,-7.949869995314884,4.95803211497514,-19.596039327201424,-5.542877114575732,-29.32411517009109,12.027514494581284,-20.403952242981404,19.14525575828702,-26.824565680014075,23.265379337390872,-39.45068899421972,12.452504142802356,-25.650758684107362,21.118663986613683,-24.28460543906181,15,0
52,52,8,3,93192,20,18,1090.005507246853,234.7435614561829,-3.2091689150729508,13.457326974015244,-4.206320658621962,20.84421042503945,-4.654372941859265,33.56636236369357,-1.7379294367374314,47.84010903905076,2.176266904958084,61.014490707512294,8.236880911484377,81.17329044225633,-4.923946860667684,42.53148392922915,1.6448790447821011,54.23685393190832,21,0
53,53,40,3,94349,26,0,1785.9569873486457,673.0281426598208,6.7724838926264965,-1.3698293757478268,9.432783463205169,-5.334982515272827,22.99939522715568,-29.81578236688802,90.61704132358182,-81.74657906155744,107.14236005015846,-78.04621036873027,95.43108781334215,-53.06040102601504,51.853860741952296,-57.7394000566045,106.18343642013883,-82.73089037970054,10,0
54,54,3,3,94220,17,0,1511.6528078277508,599.1597289458563,-1.1698361846938496,-4.989393932993039,13.411845920801852,-8.779098956475991,36.85375339787129,-14.128587067362108,67.76431815950332,-24.57934930366707,150.37982154053157,31.972137171905274,198.08896654173031,41.01844908563169,52.15185968355604,-22.799038323720993,109.11470425585958,20.238343278242496,4,0
55,55,2,3,94807,16,0,751.0591933104653,982.3371720831312,15.197029348241589,4.1489954080284415,20.93962938684399,-0.4118207292575562,44.2114797942412,6.8447891445456435,-111.42424728379513,-55.20833876434597,-197.57600010639942,-86.2209718816016,-211.38135117325973,-91.63858830995264,-11.9476462964559,-10.189681483161278,-177.37578755355617,-83.08848128971704,3,0
56,56,6,3,95638,5,0,769.507912571263,1514.6154844649395,-0.6028772332959988,0.2307958701412645,-2.847673213906205,-1.4253392610185074,-3.3626371262203065,0.13641957231834567,-3.279073055924528,2.5260079701001814,-0.6057330591212349,4.6967764395978975,-2.8641885401879112,3.053580033768185,-3.6025795341303137,0.7985946595292717,-1.3667248821029716,3.9219414975395916,7,0
57,57,13,3,94624,9,8,1324.1850117085835,857.8850518170053,3.913681719494889,-1.7503806734903264,6.167514972239361,1.3287989056379956,9.607082259751225,4.631234352517595,10.081498203996716,2.0897894084018844,13.196965939229358,3.472080046633097,12.616399493713514,2.1286111026047365,10.26439996221643,3.893621149787237,13.246393289814026,2.4282344598476584,22,0
58,58,10,3,94435,3,1,1836.2248975748605,730.0533780690663,1.682847369546835,0.4722458347281418,7.777060852418799,-1.5253149886921165,25.45333348434497,0.16806963718818224,29.28909378007484,1.4521082220807102,47.28922878108733,-7.547959278425424,50.28925128125616,-1.5479142780882285,32.289116280243434,10.452175722586958,29.28909378007484,1.4521082220807102,19,0
59,59,13,3,94629,10,8,1395.2528697864675,865.6888226943455,0.5444470495417589,0.606742167125617,0.6025536502481827,-0.14613812816878635,-3.1266769301234945,0.6885807917304874,-7.638322313728168,-1.7091579439907036,-5.31110871810438,1.0883159811966152,-8.130441424899116,0.9273274170406012,-6.596177765437233,-0.8754847303725909,-6.0604624307372905,-0.7438065327520462,23,0
60,60,16,3,95716,28,0,1319.1680727295475,1580.5509129176721,2.583116875182668,-8.977616140142345,5.562796838289387,-14.078947778323029,7.625659467852754,-11.266833618394456,19.73858200320137,-35.63646954727119,24.625679752123013,-56.52461982122578,24.7563031449688,-84.97421287567909,16.90239370278732,-23.609419186249852,23.17230930918209,-48.59956288658896,16,0
61,61,10,3,95142,2,1,1749.0618589684589,1224.3659924929368,-0.1061680091238486,1.9773027174296656,3.980370100209712,6.018214395920495,7.638325081547009,4.964877625235887,-6.548790120442392,-24.85699617546448,-18.548880121117467,-120.8577161808646,-12.548835120779586,-219.85845868643355,11.646350211407707,1.7412028449305126,-9.548812620610988,-63.85728867765806,17,0
62,62,8,3,92779,19,18,1093.320819899325,102.95887570716148,10.393655110040072,-53.49110024816185,4.390925836677525,-79.71386647828437,1.6873926622693034,-102.95887570716148,0.0,0.0,0.0,0.0,0.0,0.0,0.0,0.0,0.0,0.0,20,0
63,63,17,3,93175,31,0,769.2142876484494,229.85722563191882,-26.02389112671505,31.98722270471037,-45.73395496559556,51.56332530672754,-51.437694001970385,131.55236815592716,-87.84758854260407,237.00451825392503,-93.72139484271223,265.13582076210395,-123.65656690520176,275.67510248460707,-62.48525269795186,179.96765992238537,-95.1657530252387,249.3191569082464,18,0
64,64,10,4,920394,3,1,1865.513991354936,731.5054862911473,9.000067500506248,9.000067500506248,18.000135001012495,-9.000067500506132,21.00015750118132,-9.000067500506132,21.00015750118132,-6.000045000337424,27.00020250151897,-18.000135001012726,27.00020250151897,3.000022500168712,21.00015750118132,-3.0000225001689387,27.00020250151897,-21.000157501181434,19,0
65,65,3,4,129358,17,0,1620.7675120836109,619.3980722240988,18.2389660966428,4.9942170873415535,41.265117284672,11.733793893662774,79.05490904464024,22.109231998119068,103.39840389343112,18.21834071260116,105.15048577248194,5.894128280626205,84.32477810745922,-15.39094476894775,88.97426228587074,20.78010580738919,108.5668494658421,15.320995585376409,4,0
66,66,6,4,130769,5,0,768.14118768916,1518.5374259624793,1.554833925484104,0.31823872270388165,0.7609918229817367,0.7748349420583054,-1.3673196119735849,1.2141501510004673,-0.8648318858773791,-1.437383382567759,-1.3884626228194747,-1.344334691279073,-11.017732030953882,-1.54477934481406,-1.4974636580849392,-0.8683614637714072,-1.2586493352445132,-0.1824732592212968,7,0
67,67,10,4,923739,2,1,1739.5130463478479,1160.5087038152787,3.0000225001685976,-15.00011250084367,-9.000067500506475,-57.00042750320654,-3.0000225001685976,-132.00099000742534,-6.000045000337878,-156.0011700087755,-9.000067500506475,-183.001372510294,-18.000135001012726,-207.00155251164398,-3.0000225001685976,-156.0011700087755,-12.000090000675073,-177.00132750995647,17,0
68,68,13,4,129759,9,8,1337.4314049983975,860.3132862768528,-5.553735267477803,1.388299970441608,-0.049427350584664964,1.0438455867854373,-0.8402113725119307,2.1166469677790483,1.546573481805126,0.5672376511092807,4.2858574446274815,0.04973121466878183,-2.9227607981067654,-0.2477750010589261,-0.6299937961005071,-0.2996233572429219,2.2268321474653017,0.5394618991214202,22,0
69,69,2,4,129823,16,0,573.683405756909,899.2486907934143,-17.660025045309226,-3.2637486810898517,-20.200212552843254,-3.1324905918845616,-19.337242681505927,2.0072018110942054,-46.31138129418184,-14.539076062353615,-70.9493857755138,-25.642900387237205,-103.72342412566636,-43.74090027860678,-34.005563619703594,-8.550107020235599,-55.636649523684476,-19.91682379486621,3,0
70,70,0,4,130273,11,0,898.7708854248807,1228.700101209127,2.9225047949973937,-2.8526156786958836,1.5572960723283131,1.1028027155855398,-2.5967709236474548,1.5864917073952256,21.43092783175689,-1.1146490735422958,26.12320143180829,0.7849357566688013,29.48320926572535,7.612526095173964,4.664397269891992,-0.4875283081307771,27.28344105172892,-1.1864594652022329,1,0
71,71,16,4,130784,28,0,1342.3403820387296,1531.9513500310834,0.9434153403510664,-3.214630640247833,1.4533704429409229,-7.925056934636814,0.535424517892352,-23.79365636715125,13.249230476515095,-51.227040674079504,36.6387552531221,-98.5991572954147,39.49533448152397,-92.48221275625906,1.5839938357867145,-36.37464998909013,27.39955370153325,-70.87475940964237,16,0
72,72,12,4,128489,25,0,254.24815779156552,86.4948140192779,-6.447057567118662,-12.541124939481275,-22.794136874008075,-35.40036668543369,-5.746294027587311,12.005924736262756,-63.242233381161,-50.37447301594035,-103.24702528307172,-86.4948140192779,-88.81982886132677,-70.28435150169088,-24.31837685524053,-12.384939058833352,-99.24699528284671,-86.4948140192779,13,0
73,73,4,4,129960,22,0,1204.021238676143,1015.5443951437752,-6.176137268449111,-5.896430299765142,-5.639771264736281,-4.126287519172934,-11.214824710725908,-12.298633174779635,-10.66913439432642,-18.71610778717968,-13.76905567517565,-41.344860033352795,-27.188251071902407,-64.00077320571665,-9.696313721198749,-13.734653191209304,-13.122063098507853,-25.967636964141768,5,0
74,74,40,4,129322,26,0,1892.1404237687848,590.2972522801202,2.478499812676546,0.5938473164409288,0.9589236300196262,4.684680010970284,-8.361397071360898,19.23069106644823,-19.335906156942656,35.47402063783716,-21.20534951561353,34.067803912546076,-6.0333033664958275,40.971038555449816,-10.75234860679666,29.670489353685518,-26.099370204612107,38.25444479437158,10,0
75,75,17,4,129133,31,0,674.0485346232108,479.17638254016515,-2.1384711099619835,4.747377032165048,1.4443581825264566,15.816663853857449,-9.96958282538958,20.047225073595946,-22.9690514174265,24.906550573254147,0.0,0.0,0.0,0.0,-28.49081387996307,26.35594557636068,0.0,0.0,18,0
76,76,8,4,128812,20,18,1091.6503862916352,288.9804153880912,0.3385728173091138,3.1215839377938437,0.5313878601759825,6.777636775603981,2.1274061750689266,15.773275799712508,9.109634959358571,47.69318873211319,15.777107508378096,95.89405535769005,24.908208550174088,121.4807562504916,6.592001866702278,26.93643651034801,10.895437650032587,73.65508848026387,21,0
77,77,14,4,130924,21,0,1087.1753537389422,1626.02237342911,2.527652197235512,0.5729376787285219,-1.9734082283266616,-2.539960240952269,4.884516813552182,-6.7033670608148,0.8767919220385921,-16.302648095518634,1.3705644343237964,-23.497073008852574,-21.572179621470237,-43.640206050608185,2.146715350777185,-15.166083555157911,-0.5100433822306059,-22.24201916860444,15,0
78,78,13,4,129774,10,8,1389.1924073557302,864.9450161615935,-1.0109220669032766,0.16314485197551676,0.7493537126329102,1.8321225139486608,1.4578668687079244,0.5476222055414155,5.414782628818556,2.1507665947075343,4.815299351317663,1.276374987632039,5.33748541085788,3.955869564163436,-2.069978994161829,1.6711339497926474,5.9338574449766375,1.4988275532751911,23,0
79,79,1,4,129401,12,0,1219.8745428866102,638.6088168687562,1.5072232035327031,-4.7407703502535705,4.5676199060148965,-7.509099521639882,10.786257573382272,-17.492821209960653,17.154842593673948,-25.39199543109703,25.278580821046035,-43.022441000059416,29.725228508411426,-59.27890867400299,13.892849989994149,-23.298060049284345,14.764623365773787,-27.116440487158798,2,0
80,80,11,4,130623,4,0,388.75034592701047,1408.4380612294751,0.195129284429072,0.4406411961285812,0.3342754945226716,-1.2075291665735222,3.71415108438822,-20.064045734838604,8.12645066623071,-105.02217565920546,7.91057703761868,-189.4807050855027,19.880393761061896,-318.74671157587863,6.263150662262717,-62.98776176830325,7.332666350758076,-139.1983169066643,12,0
81,81,14,5,156291,21,0,1086.6653103567116,1603.7803542605054,-5.6339325499320685,-0.12939803867766386,1.8806078165544025,-1.255053840248138,-8.474022173360481,-13.422318624679976,-33.130124654943764,-24.48147834791439,-55.6393175801079,-13.63427401455715,-43.38322991867881,-27.53795997825273,-21.06213623923964,-21.398186882003767,-56.35386764012036,-10.601943336397426,15,0
82,82,13,5,155268,9,8,1339.6582371458628,860.8527481759743,1.0979694310194643,-0.7094650726602367,2.0590252971621794,-0.4897306844526384,-0.3434024297407632,-0.5717311453372531,-3.3076382380565974,-1.0453197710785391,-4.580179275705176,-1.8178416326237536,-5.784757160653044,-0.6315080196968665,-5.149592945572066,-0.7872369001803463,-3.0318540562266207,-0.8544806165577938,22,0
83,83,40,5,154895,26,0,1866.041053564172,628.5516970744917,2.6425482481590734,-1.6673811836570849,4.89402068899858,-4.186640881825497,9.757753015240723,-1.1625642802937364,29.508982299865927,3.3059050800740124,52.65460801998642,25.317225404714122,54.002538539623174,35.881758336169575,20.066066838116285,2.7165937610782294,45.22913212600042,15.184238821797294,10,0
84,84,0,5,155788,11,0,926.0543264766096,1227.5136417439246,-0.4237041010793519,0.9946593049771764,-1.1602396199206169,1.9713952218710349,-0.42734060470445456,3.7672932869234046,-0.7523262332356353,10.561213825030107,0.2499961797175274,18.27792075726916,13.724708706097314,24.53933711212699,2.1997682139964354,8.798985560376195,-6.662755500962818,15.093741120692586,1,0
85,85,13,5,155276,10,8,1395.1262648007068,866.4438437148686,-0.4012591599157531,2.035738371823072,-1.1185580936589758,-0.2224525656431524,-1.4782244977336632,0.8205216079066986,-2.213535668616487,1.7784260772996277,0.6446541813118074,3.7114227135615465,-1.3114619935572591,4.287790751697685,-0.5963720341187582,2.4570420108882445,-1.8672371126194776,0.17998473333193488,23,0
86,86,17,5,154642,32,31,661.2492116162839,461.99466964401404,-2.610111717212817,17.575724569493673,-3.1310202555845312,21.633033070823497,-3.301103369519752,21.918265771665915,18.734462736293487,38.17695135464737,36.783248061385045,26.43096772204245,48.1281094760127,16.29307980060861,14.114373051533446,36.34667154954018,34.01508282143709,33.6933394626094,24,0
87,87,11,5,155811,4,0,396.0830122777686,1269.2397443228106,0.3276623541705703,-14.162826735461069,0.577910686860605,-50.282388178838346,2.623618383332598,-129.2982879139663,12.240686073766312,-195.73980166676208,10.391434714940203,-194.4846953032361,7.658935118226792,-192.70386714794563,12.54772741030382,-179.54839466921433,10.522483178761886,-195.8055902536571,12,0
88,88,3,5,154918,17,0,1729.3343615494528,634.7190678094753,1.0582362578718405,-4.520569882315499,-3.4163636933601538,-9.426867304750203,-6.904694904480947,-16.574314986331842,-54.944363403868465,-42.698094318151114,-107.3158173067543,-66.77329846591522,-129.48711401899504,-67.2095258569376,-24.242071358382873,-30.71194035432416,-87.20209006540561,-62.12473173653393,4,0
89,89,2,5,155300,16,0,518.0467562332245,879.3318669985479,-5.102803437223201,-0.5656294912030262,-15.312736251829335,-5.726076592370987,-41.44087808431277,-16.38312221108697,-44.86767576378213,-20.445766589414234,-81.61883325962378,-31.06989338769347,-97.13888401097591,-41.274691142101005,-48.08677460198193,-23.824076483740555,-57.420467383120915,-25.072570296266466,3,0
90,90,6,5,156208,5,0,766.8825383539156,1518.3549527032578,0.2486687715550033,-0.4926339563974125,-0.12981328757496158,-1.1618614320577765,-5.983406376940137,-2.91510042374739,-8.257800264089044,-0.9451288670995835,-5.7191209082725445,-0.003208180457249909,6.623262939594044,-0.8435713678979937,-9.759082695709367,-1.3623060855927631,-3.8857369475041423,-0.12953741933529273,7,0
91,91,4,5,155451,22,0,1190.899175577635,989.5767581796337,1.544530922357808,-5.8787744070735934,-0.6469925766677989,-15.377223069211027,-8.929113604581289,-30.288254420421023,-17.010356224437142,-39.198065352789506,-15.288493467329998,-36.301897476682136,-15.507944997699273,-39.50782296969146,-14.066187973394566,-38.03313624157488,-17.402456832728607,-37.36187067763524,5,0
92,92,17,5,154711,33,31,659.0750694366757,507.5795661028772,20.24840397612172,-0.4569286544561351,38.74370601280782,-9.37719062512707,39.60338237382235,-14.203122195029893,69.70806752916815,-34.072716688153484,57.401292508768854,-75.4815491278672,39.88673544545589,-104.93207185071964,53.88996988643704,-25.256982320213922,74.92614073674349,-50.354067665638134,25,0
93,93,19,5,154196,35,0,1272.379525103192,219.54697852238832,-28.361671424338518,10.464237024410664,-39.45048575977876,30.27694633253645,-19.467288368967047,80.34766161845181,7.806572895004819,131.3850689228653,-3.6982926641833282,259.34361152933724,-13.519029656782322,211.22392402978846,-7.618070567365294,97.6377481415571,8.265256050036669,251.4689255665364,26,0
94,94,1,5,154847,12,0,1234.639166252384,611.4923763815975,1.76417734540928,-4.529993426506621,10.513957455272248,-15.90600051290062,15.197562033818937,-26.769818344237137,13.596505890763408,-35.336223881416004,12.66791404357764,-38.97708334404217,28.02598393853964,-57.846795588292466,14.960605142637633,-32.162468186844194,12.619977157329455,-34.03206492342372,2,0
95,95,10,5,920426,3,1,1892.5141938564536,710.5053287899658,0.0,12.000090000675302,0.0,3.000022500168712,0.0,27.000202501518856,0.0,24.000180001350145,0.0,39.000292502193815,-15.00011250084367,36.000270002025104,0.0,24.000180001350145,3.0000225001685976,39.000292502193815,19,0
96,96,16,5,156140,28,0,1369.7399357402628,1461.0765906214403,1.4937015067564516,-0.4430255581121401,9.239201551588847,-27.724397885772305,8.954882786991448,-15.029892594583776,19.768365809974735,-51.322051851071365,21.424626623168248,-61.98627078891877,44.718128241676816,-38.88924564704325,12.09578077999072,-21.607453346616694,20.762795088671282,-57.13859976615754,16,0
97,97,12,5,153842,25,0,155.0011625087188,0.0,-11.000082500618703,0.0,-4.000030000224967,0.0,30.736398298063282,35.873018402767,-33.00024750185625,0.0,0.0,0.0,0.0,0.0,10.427166421519956,16.210462517587036,0.0,0.0,13,0
98,98,10,5,923766,2,1,1727.5129563471728,983.5073763053224,3.0000225001685976,-6.000045000337536,3.0000225001685976,-6.000045000337536,3.0000225001685976,-6.000045000337536,-3.0000225001685976,-27.000202501518856,0.0,-33.000247501856386,-3.0000225001685976,-51.000382502868774,-6.000045000337651,-30.00022500168757,-3.0000225001685976,-27.000202501518856,17,0
99,99,8,5,154488,20,18,1102.5458239416678,362.6355038683551,0.6796162105563326,8.446043254256379,4.881669858345504,22.238966877426147,10.210921300369362,38.488138708262454,14.045696616893336,71.12157645841324,22.535135722124323,110.66992274095706,26.94618479900328,129.19600687855512,14.012770900141506,47.82566777022771,17.676939117719485,96.49321302910316,21,0
100,100,6,6,194432,5,0,762.9968014064115,1518.2254152839225,-2.049903813897572,-0.4209049214662173,-1.8333839607684013,0.12632923887804282,-3.819843072359845,-1.414213654104742,18.80414576580961,-1.7456472865374053,0.0,0.0,0.0,0.0,10.508999887098184,-0.7140339485627009,0.0,0.0,7,0
101,101,10,6,920458,3,1,1895.5142163566227,749.5056212921596,-3.0000225001685976,0.0,-3.0000225001685976,0.0,-21.00015750118132,0.0,-6.000045000337195,-12.00009000067496,6.000045000337424,-3.000022500168712,12.000090000675073,-9.000067500506132,-18.000135001012264,-3.000022500168712,-3.0000225001685976,-12.00009000067496,19,0
102,102,17,6,192918,32,31,695.264294437721,495.6880091066234,0.2219191133929144,-0.9263807967006414,2.7681652399479617,-7.262371740566947,5.474703604150932,-14.683756427434332,44.938470002447396,-23.42664379543077,115.60053207908892,-33.66287829530427,150.13459271886117,-50.99332490932767,14.113026654575606,-17.400259662000792,88.63396342006627,-41.17912476965137,25,0
103,103,10,6,923802,2,1,1724.5129338470044,956.5071738038034,0.0,0.0,3.0000225001685976,-6.000045000337536,6.000045000337195,-24.00018000134992,-6.000045000337651,-39.0002925021936,6.9392925731503965,-65.71557679520288,0.2457426619862417,-123.11473104836887,0.0,-24.00018000134992,0.0,-54.00040500303749,17,0
104,104,2,6,193458,16,0,460.6262888501036,854.2592967022812,-12.036242359162767,-3.316295110434339,-24.198365876502862,-5.997323091427004,-34.78197350726026,-11.364854631827598,-36.69103733020955,-15.180034267928932,39.89894370297753,19.90829214095811,102.87793743159351,42.247427098147114,-39.71841662785499,-16.202120845834546,-3.249485387256186,4.751527152225209,3,0
105,105,13,6,193468,9,8,1336.6263830896362,859.9982675594164,1.8514641176579967,-0.8393711111169749,-1.5483252194785564,-0.96336101606596,-2.734398988310432,-0.7981503028502175,-2.224869380980408,0.043578308211749565,-1.6381651281651557,-1.3432344931098896,2.1575905144366057,-2.2386826631739045,-2.7529031044264234,0.2229725968609273,-2.9505113200634696,-0.22461506615070448,22,0
106,106,13,6,193480,10,8,1393.2590276880874,866.6238284482007,2.577411845570168,0.8725574271229561,2.511891293931285,3.531437980229612,2.2020156006192337,2.228776958398953,-0.14952081249316507,1.619895271148266,4.256610194385075,0.8081954308695458,1.9680347079361131,0.8342644900124014,0.5557751190622184,4.10780601836575,0.837121734311495,1.4404846419980686,23,0
107,107,0,6,193998,11,0,919.3915709756468,1242.6073828646174,1.2026524850847409,0.3162500604128127,6.912751680680344,3.184179636576573,12.788577775414753,4.896407493267134,18.344416940893666,8.497326851784464,19.41943202261882,16.24233762273002,30.018006500698327,16.14147104719791,20.38746420706013,9.445595991434402,18.271466779384586,9.97873023666898,1,0
108,108,4,6,193612,22,0,1173.4967187449065,952.2148875019984,1.3418898444965637,0.390862585883724,2.113963365398604,1.0599732009530949,2.3976607108268126,-1.0178165943896147,0.12125314467766656,-5.000984394022453,-0.851401046630599,-10.260544149976567,0.8714773136848635,-7.764505790916019,1.8945118350293344,-2.145952292056222,-2.339461620922976,-8.049312067333403,5,0
109,109,14,6,194512,21,0,1030.3114427165913,1593.1784109241082,-2.5662372294930265,-0.34339963295497,0.7145500600124706,-3.032330678159724,13.309543976087749,-15.115972302766295,36.92885534145921,-19.099157072672373,75.39533566790668,-26.966553437919174,42.16966521062113,-45.14536482029986,12.970637721441562,-16.936016641855304,52.92761809371928,-23.82828977084728,15,0
110,110,16,6,194267,28,0,1390.502730828934,1403.9379908552828,0.7205856894977387,-2.8604328008043467,0.6618315344969687,-4.847671022761234,3.5035896736067116,-3.471669327621612,43.0641846908768,31.26286104446126,65.7699222541205,41.53917941076611,74.92616794975402,39.29146687389765,23.955333153005533,18.24935411911429,53.40362482218006,43.18468178279477,16,0
111,111,17,6,192856,33,31,734.0012101734192,457.225498437239,-5.773581076124174,-8.473665859114702,-17.524848227974644,-25.12748146222907,-32.62722866333195,-50.86550379203278,2.4614590463100967,-52.06334317571873,64.96640434425888,-50.92231319989696,51.71057158383178,-97.41321008689378,-35.03940529128761,-54.57800418508151,34.76848794075022,-59.7177430073545,24,0
112,112,8,6,192862,20,18,1120.2227630593873,459.12871689745833,2.377262775099325,10.778351903192004,4.858196604404839,14.176709711853904,9.744467686101187,24.94458566854104,11.381026013130622,33.816493445643914,9.240025753503916,30.056792773138113,28.17489073257412,31.867218694616838,9.269245681283794,32.70279384945195,9.544925750741186,30.665858148741165,21,0
113,113,40,6,193119,26,0,1911.2701856901726,643.7359358962891,4.695087903657849,5.305321096547799,7.425475893986003,10.132986582916828,10.843929302889592,21.367606081464267,4.8652234984404,18.12274488682897,9.345748071041728,20.63350334278732,36.20492882321491,5.420551744038789,8.773406413622752,20.69751951437229,2.8440530645598296,19.748403383887986,10,0
114,114,3,6,192992,17,0,1642.1322714840476,572.5943360729412,-8.044288685441643,-2.1613676671378244,-20.11372724134868,-4.648566729381287,-30.345482968439,-1.6629462146800051,-50.57702416876873,-6.148489684035326,-15.986653885526039,-16.478393864858507,-26.892854157778398,-37.793306719611905,-42.285023953589416,-5.084794120403672,-48.243626958194675,-5.806203645320238,4,0
115,115,1,6,193004,12,0,1247.2591434097135,577.4603114581738,-0.6545969361786774,-0.7335548508793863,0.0479368862481806,-4.945018420618453,2.379770586970608,-10.43841520791716,30.70383395265868,-38.091994685717395,0.0,0.0,0.0,0.0,15.406006781210179,-23.814730664868762,34.84447133223398,-33.39489270722436,2,0
116,116,11,6,193772,4,0,406.60549545653055,1073.4341540691537,-1.2857003966215643,-0.8031389960599427,-0.1310484638216849,1.3208949504210068,-1.7088842760632588,-1.6282404883859272,-9.71252443826728,30.45429497831583,-26.734696257836838,105.73005547243132,-41.96194243386344,186.6804495938952,-2.863548060535096,3.101723105711472,-20.08664997478064,65.9155600813599,12,0
117,117,19,6,192891,35,0,1280.6447811532287,471.0159040889247,-7.716241764287815,4.571788943973502,-11.963548714219995,7.874685962800868,-17.47224712869297,-7.6071278186661875,-38.18300249980098,-14.968743163712986,-46.35716868374492,1.211346917985736,-52.99799989154781,-27.05283487651576,-21.784285706818984,-40.24500153674778,-51.73557974318624,-13.09368078173452,26,0
118,118,16,7,229126,28,0,1443.9063556511142,1447.1226726380778,7.901793695564492,-2.5166200755847967,12.366297431940437,-1.6455023720286592,20.07213672596572,-2.5815680600310316,16.46686560943158,2.5133662852824727,12.725251345034618,4.738455035035713,-3.3040432511179465,15.99340871039249,21.522543127573954,-3.8932149088971073,14.12603930879368,3.4471345485960683,16,0
119,119,4,7,228361,22,0,1171.1572571239835,944.165575434665,0.5595653354409933,-2.1256573016723905,1.4880605742923765,-2.211232082643164,1.920070906801812,-0.8672710068136666,3.673985015979042,5.403203858028064,5.539500104489663,13.338228069790148,6.708653638841042,11.86255939365401,3.2109389346078387,0.28480627641738465,5.791972749977504,12.66698002620035,5,0
120,120,3,7,227791,17,0,1593.8886445258524,566.788132427621,12.151035098659122,-6.4831748182166375,32.25697307266864,-10.672190219538264,29.4226940350452,-25.253770084241296,36.15097149697499,-29.111036988657474,25.81436813056893,-34.434280298853196,15.577225348589534,-45.31562724096069,21.35077280041628,-31.987103074291678,33.72821443239241,-29.86939514974597,4,0
121,121,17,7,227538,33,31,768.7696981141695,397.50775542988447,16.298607077805855,-1.6566912264975713,30.197916403508657,8.795429807457538,43.303863327649076,-27.73968640585463,-10.133988783799397,-123.08037182875464,60.408528348996704,-157.99302114489373,109.52330339891823,-238.11256449932893,16.94208364308156,-37.6954670795393,12.42846253238065,-147.92006818782448,24,0
122,122,11,7,228628,4,0,386.5188454817498,1139.3497141505134,-4.616142166768782,21.107649077302767,-6.648046283056202,39.81449539107143,-15.475229826036696,86.5774056915352,-28.491843419210912,154.5363899340232,-44.2181796324316,246.01242000545952,-48.231071860759364,299.1854296446347,-21.8752924590828,120.7648895125353,-43.8362332453392,220.23462653478302,12,0
123,123,10,7,922262,2,1,1724.5129338470044,902.5067688007659,0.0,-3.0000225001685976,6.9392925731503965,-11.71517179216539,1.4281345261192655,-57.382573687633794,-0.7812991425821565,-61.52939507673773,-4.139970511991123,-92.19873292624004,-43.26754619135953,-162.62347725294774,0.2457426619862417,-69.11432604533138,0.5263573069466929,-70.90751320515629,17,0
124,124,2,7,228254,16,0,457.37680346284736,859.0108238545067,16.623620436480223,8.670415776671348,43.14842909023372,15.156764988732906,68.28984828907119,23.93462167412747,147.57772648799903,50.84139816765514,249.18074441634315,93.75812129992471,301.12888532981844,121.49652995064685,106.12742281884972,37.495899945921906,207.3901301460162,73.6568101386772,3,0
125,125,13,7,228258,9,8,1333.6758717695727,859.7736524932657,0.5752310628395207,-1.6407230172668503,1.312346191898314,-1.1186194269591851,4.1054756720529895,-1.7924462045230032,4.514088530239178,-1.071995087477262,4.166760696285792,-2.4911008111805586,5.177854420763199,-4.275083830309087,5.1081018345000775,-2.0140675970232,5.779963913870006,-1.6836627587729254,22,0
126,126,6,7,229218,7,5,807.7985178817578,1513.2720289261315,14.025814113737395,-2.0425607354211484,31.65634288521744,-6.837029001668952,42.080675621741534,-13.215234329032455,57.41911308645764,-16.68447273631864,61.30053118891418,-0.7926748496606706,62.170310255920064,7.806447206116903,48.20739068691592,-21.960799407228933,63.08663076772621,-8.277095540900062,27,0
127,127,14,7,229286,21,0,1083.2390608103103,1569.3501211532612,10.754452303461905,-2.224893634189812,22.46771757418741,-3.1382636670718966,24.94084791291493,-7.636440470289244,-19.880565719222886,-32.25248607114031,-16.65346847288697,-34.46793927482304,-25.180705012376624,-26.313001483883447,-10.757952883098142,-21.31707504945257,-13.588655343585286,-34.10944178671639,15,0
128,128,10,7,920488,3,1,1892.5141938564536,737.5055312914847,0.0,0.0,9.00006750050602,9.000067500506248,15.00011250084367,6.000045000337651,24.000180001349694,6.000045000337651,36.00027000202522,-12.000090000674849,27.00020250151897,3.000022500168825,15.00011250084367,3.0000225001688254,30.00022500168757,0.0,19,0
129,129,9,7,228139,41,0,1991.9073177346515,778.9745810373184,-13.947527653675252,15.367653555701056,-15.440907554897425,29.69432473824691,-22.83333921605754,59.86329177194045,-66.35445916102526,92.58004745492408,0.0,0.0,0.0,0.0,-55.75795367593218,75.19460373679374,-79.03684318634988,101.50179015370712,28,0
130,130,13,7,228267,10,8,1394.0961494223984,868.0643130901988,0.4343974158564379,0.09193750055214878,3.4194884600735804,-0.6322892111285228,-1.0619834196309057,-1.5447409378334669,-0.2734974499890086,-0.8292650257294554,-0.937001699993516,-2.426221915174437,0.248224248223778,-1.6294239472949812,1.1309129736246175,-0.6062201519856671,0.01991324000118766,-1.1326876362120402,23,0
131,131,6,7,229225,6,5,724.6382618765675,1515.7403674070842,-21.321188538113912,-17.065037165175678,-28.129589379397544,-26.95515878457127,-33.529431507092795,-29.65189408511992,-38.96095114051968,-35.313584200053356,-29.39601154645277,-31.74591825923244,-17.028999008093933,-21.423508950256746,-38.97074446476928,-34.42553907909587,-32.726776804396195,-34.71517493419674,29,0
132,132,8,7,227694,20,18,1129.7676888101284,489.7945750461993,-1.0521911860739692,0.1906851587579581,-0.30489999723727124,-0.609065375603052,2.6663822431910376,8.679640489771089,13.203974787317293,6.070733177274576,1.6207839033463642,-29.485784691718262,-30.45762869053442,-152.07640723670625,18.629964981832927,1.2013605458756729,12.94740724068788,1.2540072350478226,21,0
133,133,40,7,227948,26,0,1914.1142387547325,663.4843392801772,2.1274598201282515,1.5553607044927276,6.5016950064818975,0.8850999588993318,22.504916572888302,-7.425359948079745,35.76540259346666,-18.790255720428146,45.81155905544961,-21.558344511126503,58.58270613904779,-24.26361784087749,33.360875758655084,-14.3278516398492,41.24840894453837,-20.494112807913442,10,0
134,134,17,7,227635,32,31,783.8982578577874,454.5088843369721,11.366530825429322,1.5715293555836638,26.96656865902264,7.516246474347099,41.3049903244936,-5.562865238204721,107.65665508791949,-9.233126112854166,154.0381183422901,-44.112368641234866,195.05706252934704,-116.64789468450688,61.50062929879493,-9.814200139676302,142.1450544109409,-18.82000700402517,25,0
135,135,0,7,228789,11,0,937.6630377550313,1252.5861131012864,1.4321732015497446,4.341237421749383,1.147965243234239,6.26360738606104,4.217336239890186,6.515620790491539,19.301908960776814,4.5874396092460765,18.88769978242601,6.817614069311958,21.05613999932359,0.4756217593703696,11.746539721313756,6.1627408105289305,20.43111853164669,8.811948392317618,1,0
136,136,19,7,227640,35,0,1228.9092014100427,457.92222330719017,6.1136757572362495,11.246127717342064,5.378411059441304,14.305027699720256,-37.55685507242925,3.269097156988664,32.71863943531321,-45.07455429450749,-12.134034350660384,15.89242960923474,-1.4114467026195143,12.448564498121184,-1.262420148361571,-13.959154094781242,29.09132922309982,6.810841564055862,26,0
137,137,1,7,227772,12,0,1282.1036147419475,544.0654187509494,0.0,0.0,0.0,0.0,0.0,0.0,0.0,0.0,0.0,0.0,0.0,0.0,0.0,0.0,0.0,0.0,2,0
138,138,10,8,262404,2,1,1725.0392911539511,831.5992555956096,-2.6940499350955642,-7.897831246576858,-4.666327818937817,-21.291219721083735,-26.069654079164142,-73.84447562951232,-45.10080553664898,-88.8698397022398,-51.25964315864621,-88.07158857954798,-58.36020663853606,-86.37005792490696,-43.79390349830624,-91.71596404779145,-49.17857582700208,-89.88695334587341,17,0
139,139,17,8,261509,33,31,781.1981606465501,249.5876872420601,24.58640627284626,-1.5171918344495623,47.98006581661605,-10.072952957069276,88.11585247502342,-32.818001954962824,107.96985314338305,-149.77929935468154,0.0,0.0,0.0,0.0,97.09484086653757,-90.19249631150456,103.0944383092758,-228.5795306733397,24,0
140,140,19,8,261904,35,0,1258.0005306331425,464.73306487124603,-21.567495150465675,3.0199918792609424,-41.22536357376021,9.081588045178878,-53.63782400916102,9.75377554398483,0.0,0.0,0.0,0.0,0.0,0.0,-30.502775925719327,5.637722934065322,0.0,0.0,26,0
141,141,2,8,262544,16,0,664.7669336088636,932.6676339931836,15.738170179414851,11.839449809944767,41.79061427032696,20.101311161247512,78.73864268295871,38.83965231146351,120.7389576853212,53.83976481230741,204.73958769004616,77.83994481365721,237.7398351919024,83.83998981399475,93.73875518380224,47.83971981196965,162.73927268768352,50.83974231213847,3,0
142,142,40,8,262161,26,0,1955.3626476992706,642.9902264722638,1.3713027301482723,-0.3130209511504063,4.563150110911238,-1.0642317032130677,11.657889596212955,-1.9201223282934727,25.945525074372426,-6.34839553300526,35.55791027452551,-3.8304892682429,47.98662371148839,-6.489971181168812,17.334297194509418,-3.769505032964049,33.113016227485325,-6.172668368755126,10,0
143,143,1,8,262173,14,12,1197.097994973258,657.756660957584,-2.5426216197070057,0.4531984735416472,-5.937326401211294,3.5528736611715885,-9.962565883305386,8.475745168450771,-14.049919084994373,6.275370019142429,-19.81705675222497,9.663262483015387,-26.522277650246224,16.826463081927045,-9.20364681271235,4.827069852751947,-20.12794441473011,14.481739568278954,30,0
144,144,6,8,263332,6,5,691.9114850721713,1481.0251924728875,1.2794440136523235,1.8389934658050608,3.330765257943426,2.9692566749642992,7.599821790950955,7.054078267560045,12.844461071522913,13.901429613671324,35.90324366127778,27.217227104385987,38.01314804872516,25.780577189390673,15.697777796302262,13.29166598393999,25.720585703084,24.053158312254034,29,0
145,145,4,8,262572,22,0,1176.949229873961,956.8325554608654,-0.7831238738476713,1.1355076261804695,-0.2524726454878419,0.6712480435897987,0.4557186989163711,-1.2740591677769544,-3.5981503380457984,-3.4443994989377416,-1.777651987047193,1.9471874084797487,-0.9562499702306012,-0.18325117754693565,0.9166808888635388,-0.8044206325463392,-6.315506617969732,-2.704432284210725,5,0
146,146,0,8,262955,11,0,958.094156286678,1261.398061493604,0.017517573599889147,-1.712740088692044,-1.5434187492206777,-1.9943343230056598,-0.836707804626144,-6.8109697831634985,0.8278167194117714,-11.211281421486092,1.4865988090106157,-12.019853002012956,-5.767261980898637,-12.135627822036893,0.6250214676769019,-8.336326632947246,-0.5524778485371371,-10.319362943761464,1,0
147,147,1,8,261939,13,12,1319.0235195570056,492.3016057137467,-6.251408503508627,-4.147417045293992,-9.38451303415468,-5.768026434629973,-12.85524378915693,-9.480612410108392,-19.98420014753674,8.275063937034076,-21.874818440798894,23.228357977380995,-24.55776180165368,31.57820646997283,-15.509135112783492,2.5349315608781917,-20.48627254273105,13.856529503884476,31,0
148,148,13,8,262453,9,8,1339.4558356834427,858.0899897344927,-0.332725227928222,0.5589696031613585,-1.6132032175842141,-0.8074380524076332,-1.3532797885764012,-0.9055712337313936,-3.649805431524328,-0.7813735574641214,-2.0667178359692566,0.3073880910716298,0.7634186887737542,-0.8765765166184565,-0.6021094931068092,-2.5914210715361605,-1.3829009318524186,-1.57248518710594,22,0
149,149,8,8,261937,20,18,1142.7150960508166,491.04858228124726,-4.710313499579115,-11.641318737216409,-11.326623337341516,-30.73979192676609,-24.723464484800616,-73.35218228048797,-51.71142690831653,-186.79688559584855,-68.22653427395971,-222.97760820845426,-85.25495461534842,-249.00724188861682,-43.40503593122229,-153.3304144717541,-52.90870257657775,-201.10603676366424,21,0
150,150,13,8,262463,10,8,1394.1160626623998,866.9316254539866,-2.2936630852589133,0.2937781001290887,-0.9569149399947036,-1.2935342789623974,-1.3649961576356873,-2.108636984366853,-0.12985540814406704,-1.023796922636393,1.3513898463352234,0.614174480423685,-1.4641131679329646,0.5385314074034113,0.2283110082225903,-0.4967363110829411,2.090638691888671,-0.9053731717295932,23,0
151,151,6,8,263354,7,5,870.8851486494841,1504.9949333852317,-1.3128544988298927,4.239966277961456,-1.7860995788120135,7.484420691239393,-5.592897847028893,11.089131073151066,1.0614012962383867,20.652029583341122,-17.23777678560714,28.678595360859838,-14.510297269942612,31.20640301948765,-0.9163205118061342,16.083542747016963,-12.606137227065119,22.542312269163858,27,0
152,152,10,8,920526,3,1,1922.514418858141,737.5055312914847,-3.0000225001685976,0.0,6.000045000337651,-12.000090000674849,0.0,6.000045000337651,-9.00006750050602,6.000045000337651,-9.00006750050602,9.000067500506248,-9.00006750050602,9.000067500506248,-3.0000225001685976,3.0000225001688254,-6.000045000337878,9.000067500506248,19,0
153,153,14,8,263373,21,0,1069.6504054667253,1535.2406793665446,-4.5276172576795926,-3.424219155775063,-3.064813129301683,-0.35849748810665005,-3.948787713501588,7.3194865228742865,-21.996243241460885,7.0246174642791175,-6.770672648989603,6.004585642849634,-7.2981314771257075,9.83307141435148,-11.592049668791333,7.796440302832931,-17.623938662972023,5.436388148581044,15,0
154,154,9,8,262475,41,0,1912.8704745483014,880.4763711910257,5.342972098061409,-10.054608753242064,0.0,0.0,0.0,0.0,0.0,0.0,0.0,0.0,0.0,0.0,0.0,0.0,0.0,0.0,28,0
155,155,17,8,261845,32,31,926.0433122687282,435.68887733294684,4.9612598480733805,-1.2885521608448016,11.893063931349161,-25.29236163720969,42.36348729469681,-66.35903468779458,74.10160004851309,-141.38292292901727,35.716036944952066,-174.7719471877388,-64.39050531875772,-153.90893920121846,52.912008118406106,-97.8278876804817,64.48708766361722,-174.15538814829063,25,0
156,156,11,8,263138,4,0,342.68261223641065,1359.5843406852964,-0.6666742560765329,16.97418704700135,-0.3819463870923983,25.77779347067645,-1.9806797818746416,56.07511023341362,-11.133613124785823,105.22746778670898,-63.3885870838713,155.70876489636157,-60.12855794347155,158.09985093501174,-4.394838615420156,78.95080310985169,-43.754964720709715,131.26609520943566,12,0
157,157,3,8,261995,17,0,1627.6168589582446,536.918737277875,-5.101958293583039,-2.2862629028298898,-7.913846301823468,-4.564885149107226,-13.744563204614904,-14.15940477233778,-2.8139059078016544,-12.5264662695389,1.1780389971775094,-11.019804923901916,13.938030691022506,-9.707657412645062,-18.150989083802873,-15.446232091214714,0.14992947015502978,-9.507517461483076,4,0
158,158,16,8,263277,28,0,1458.0323949599078,1450.5698071866739,-2.0216106712257442,-0.36259925709237,-1.4007879637590577,1.2913204864396448,-1.5452530167910936,1.0307864448316195,-22.460043391326508,13.598138590154347,-20.115630589788907,10.914235626489472,-26.07113480189377,16.023034395028613,-17.430082559911625,12.546274161796415,-19.881659034759647,11.675592065436149,16,0
159,159,23,8,261113,44,0,1065.9374761612642,25.063018800069838,2.16285868834575,3.5728176564090086,1.6967778586201805,2.918071131624305,5.487783739303494,9.892093658754009,11.702713656975675,21.33908995941449,18.706720271582753,34.63290112158568,24.33509274943572,65.20965414329216,6.272246963486168,13.236961917735345,19.567964230757298,26.287852534842248,32,0
160,160,1,9,284038,14,12,1176.9700505585279,672.2384005258631,0.09818743258892937,-3.846973186975788,0.310887662505138,-4.8184770852635666,-0.9308156291174328,-5.784480186225553,-6.377002776214567,8.577903570042963,-25.6873004198319,29.876153984185976,-27.928875052969712,31.89801284816804,-6.394333235516116,2.3447235136480917,-17.374706047662134,21.127238045127346,30,0
161,161,1,9,283778,13,12,1298.5372470142745,506.15813521763124,1.1634820052552186,1.422078022610492,-1.3885458980678322,9.37182847349652,-8.109462887430709,18.85086223339817,-3.177438666085892,16.77456242371295,-3.8899239113638937,14.039903348706277,1.0039545870909024,17.048190145928857,-4.071489258922611,17.721676966088353,-3.1739622167808648,15.198127529614908,31,0
162,162,0,9,284811,11,0,957.5416784381407,1251.0786985498426,0.548168761727652,-0.7874848993644719,2.039076657547753,-1.7004900582514892,-0.7576395438501322,-0.7166880810518705,-5.801362174019006,-3.3604897372508726,-14.638482642353324,-2.6551345487091567,-13.477087947280552,-1.6174381059315692,-5.214784132361501,-1.8162648782754327,-8.043507055648433,-4.15213651856925,1,0
163,163,3,9,283812,17,0,1627.7667884283999,527.411219816392,0.4298742994692475,-2.949775698131589,1.0281095270224796,-1.5122874624188398,2.458295161863816,0.022108253839519417,14.539949300233047,-2.0976440749074072,7.891887041539802,-5.714468799141969,-1.4187595135506397,-10.315903358926107,13.788101220867475,-0.20013995116198646,10.933702977557232,-6.03607336574487,4,0
164,164,14,9,285732,21,0,1052.0264668037532,1540.6770675151254,3.632054485265826,1.2130649469836499,10.85326601398242,0.5681974942685883,3.806501715547257,0.4720270402024198,9.670122866456495,2.372123436976608,0.5799999999057945,18.068552651869368,-7.425208970982113,22.21979391306786,10.325807185846317,4.396683265770434,0.8626427514680017,11.01159132453222,15,0
165,165,23,9,283041,44,0,1085.5054403920217,51.35087133491209,-0.4335199902750446,5.422408048921624,-0.8612439591745442,8.345048586743431,-1.6759169193271646,18.117554471179822,17.106235766444346,54.18732452884453,30.237593131859736,68.39442660609058,52.37717253435017,97.08869556475187,4.767128518678419,38.921801608449904,25.72615924879437,57.05558722900484,32,0
166,166,11,9,285601,4,0,298.92764751570087,1490.850435894732,-10.345242758437564,14.610254984053881,-19.633622363161574,24.44266968692591,-22.613273633664107,32.26902220449597,-6.4375324261168325,9.909193279072495,21.458794332591992,-70.53714493357437,36.46747528161097,-121.97798284652369,-16.373593222761823,26.83375572557611,6.6187353496787855,-24.81855279989395,12,0
167,167,8,9,283444,20,18,1089.8063934742386,289.942545517583,-9.7088934321132,-13.345558610311114,-15.317831697381964,-21.87157144479,-31.82223502751821,-34.17485017385616,-39.71265957874698,-63.29284576944889,-59.96379447413051,-107.48590380112827,-66.47904224483432,-133.46469202125672,-32.34625203877067,-47.9012051249525,-50.92434159479353,-92.51556405133469,21,0
168,168,9,9,284349,42,41,1802.006042107357,929.5093991544568,-11.246426960126884,26.915500594366907,-21.78820238987941,64.02186903386894,-63.14263523550312,191.9759145239891,-51.120867441234395,316.7778636029201,-81.76262503420548,373.8235106955435,-136.0783443667315,449.4992241649391,-52.71975683511755,252.57478690852054,-36.369417113345435,353.35912703834424,34,0
169,169,19,9,283716,37,35,1251.5547037888534,463.1065904847454,2.59176836192728,-0.21300419459743125,2.567663635539476,-2.2057759470693554,-22.242099050804423,0.7996491248371171,-12.456105052185421,-24.813112659315266,-26.87079094724004,-5.020859488106737,-45.8618711568447,19.172433035936876,-13.0476087308939,-26.537052941854995,-13.215281643145318,-23.219232734287342,35,0
170,170,6,9,285636,6,5,717.6320707752553,1505.0783507851415,5.872852000843409,3.0254875080511283,10.182657958193772,3.164068792131957,15.2842383575138,3.1699140950699984,28.229526503908573,6.5210065053956905,29.86691055400638,6.055042012237209,15.289758982559988,-7.018910045957228,12.29256234564116,1.7274188771366423,32.34429909800974,9.237250582298204,29,0
171,171,24,9,284102,45,0,0.0,725.0054375407816,0.0,-1.0000075000564266,0.0,0.0,0.0,-1.0000075000564266,0.0,0.0,0.0,0.0,0.0,0.0,0.0,0.0,0.0,0.0,33,0
172,172,19,9,283714,36,35,1220.6773868072628,462.21150052437537,0.4815223156592765,3.846521594221656,1.6529970764770496,1.2548982044233412,-30.168457990296698,20.29211825276548,-22.761536155943304,15.140129866329177,-58.392453180564644,40.72357745841924,-89.72910973625063,61.22511443861771,-2.5469606126921462,-8.40962017016642,-33.26244727214589,36.26444496553097,36,0
173,173,40,9,283989,26,0,1988.475663926756,636.8175581035085,1.9392529895285409,0.6394379196048021,2.4448940470401794,2.342179100512226,8.909097320969295,3.372849939143748,13.852133098833294,1.0930372457265776,15.213239145854914,2.6680413958539475,24.46162859772244,1.0528948372119658,14.87360748400306,-0.3173028124136863,15.566683060066225,2.2849262588024435,10,0
174,174,16,9,285522,28,0,1438.1507359251486,1462.24539925211,0.3792489552149618,-1.393496769208923,-0.2339715550292567,-0.7613564389466774,-1.0976896507920628,0.5944036304049405,-8.27003345305684,5.478500065355546,-14.494905658861398,10.580793367880462,-16.01589044476941,9.445031885459684,-6.189475767134128,4.347442329592468,-9.718456714861533,7.523301719474148,16,0
175,175,13,9,284255,9,8,1338.0729347515905,856.5175045473868,-0.08337275232611319,0.8586742097410252,-0.6838169041168385,1.8798732781775696,-0.004491951778163639,0.06647890123565503,1.9021748095622115,-0.3177112923076493,-0.4190233741614975,-0.543929700765375,2.2513579071617187,0.1551179319393441,2.1463196206261728,0.6959086704874835,1.573226571656278,-0.8931038470796011,22,0
176,176,10,9,284123,2,1,1675.8607153269488,741.7123022497361,-2.265683001146499,1.0499679266022213,-2.081067331644136,1.8153647663253882,-4.391298279676904,5.94246109621065,-8.809718418359349,3.580825645135292,-22.80593205685682,-7.812155796700607,-46.42953330108549,-27.197234294310302,-9.181630811533976,3.5168954209664207,-14.455045274035685,0.6009406951568508,17,0
177,177,2,9,922344,16,0,827.5062062965471,983.5073763053224,18.00013500101261,15.000112500843786,42.00031500236264,27.000202501518746,60.00045000337514,33.00024750185628,96.632462468291,27.33188956061292,44.58862347325055,-0.04725972142716728,120.00090000675016,18.00013500101261,75.00056250421879,33.00024750185628,72.15710219068148,15.623939026678158,3,0
178,178,4,9,284387,22,0,1170.6337232559913,954.1281231766546,4.785237290487885,5.1542684473459985,4.5378546309225385,4.651619692690474,4.216602942325835,0.6959666121853161,1.2529344579993449,4.0516066672456645,-13.739464347963347,-9.049362009387664,-23.332749346570157,-38.07011697573819,5.359256647739129,2.5211811066637893,-4.995630646613563,-0.6359609114500699,5,0
179,179,9,9,284266,43,41,1870.9394821410394,860.5424863589549,-10.197037334328344,8.616490025761323,-17.933459573192977,19.4919980728198,-32.07027089326857,51.87846896565668,-45.95312809387133,71.83585591050928,-63.982324536220396,93.2173514317942,-95.43184268231266,179.62494391360008,-40.52349205244013,66.97248056022886,-54.49910690886282,82.1609517590581,37,0
180,180,6,9,285684,7,5,858.279011422419,1527.537245654395,-0.26360855500831804,5.264233198907277,-4.63163955854202,6.1362830916959865,-7.4706780000756225,8.190849761558638,-6.479890229244687,9.514345356440574,-6.109797234067288,14.927178227260356,20.227577376996926,19.97436068265233,-1.9041600428774927,8.664090750323794,-6.0427104848108675,14.145833152385194,27,0
181,181,17,9,283382,32,31,990.5303999323454,261.5334891846563,-23.84604695954169,-3.8689245336251465,-28.771050718665148,-0.6165590394481911,-80.27793798390962,33.611651823227874,-163.88699725288427,-37.83486204215333,-129.8870899022843,-162.97132872031472,-115.5238373831265,-261.5334891846563,-128.87759298237495,20.246448947072167,-138.33441584610932,-101.60595713802118,25,0
182,182,17,9,282993,33,31,884.292598955826,21.00815656872032,-2.285983906213118,-21.00815656872032,0.0,0.0,0.0,0.0,0.0,0.0,0.0,0.0,0.0,0.0,0.0,0.0,0.0,0.0,24,0
183,183,13,9,284281,10,8,1396.2067013542887,866.0262522822569,1.5802583452245926,1.1972363055078858,-0.7392488455534476,1.5195476521532782,-0.9937863079524052,-0.6954411599882633,-2.4301781314845807,1.893875173401284,-2.7977529976235487,2.6580562848929503,-1.967231825129602,2.0260380416945054,-3.554751859821636,1.4439045791330043,-0.8956381334458001,2.271164496414144,23,0
184,184,10,9,920560,3,1,1916.514373857804,746.5055987919908,-3.000022500168143,0.0,-3.000022500168143,0.0,-3.000022500168143,0.0,-3.000022500168143,0.0,-3.000022500168143,0.0,45.00033750253147,9.000067500506361,-3.000022500168143,0.0,-3.000022500168143,0.0,19,0
185,185,10,10,920590,3,1,1913.514351357636,746.5055987919908,0.0,0.0,0.0,0.0,0.0,0.0,54.00040500303749,0.0,96.00072000539969,0.0,0.0,0.0,48.000360002699615,9.000067500506361,84.0006300047246,3.000022500168712,19,0
186,186,1,10,327572,13,12,1295.3632847974934,521.3562627472461,-2.5808776833682714,0.945714179785682,-0.7159616945830294,-1.1582241809086329,1.603236583182479,0.017811524736202955,7.538185383747759,0.6662226154249993,7.718970119444292,-3.660623133814511,11.237522032431343,-2.6198579254941023,4.177916803871767,1.8500626163139489,7.561588102129918,-2.0138143120420864,31,0
187,187,10,10,327956,2,1,1661.4056700529131,742.3132429448932,-5.326964469300265,-5.641504526865674,-8.350886782821135,-8.41309649185746,-17.860236008774788,-22.093990421538358,-39.98123983800474,-33.204210381338946,-66.2527974464108,-38.90770079160745,-86.893861214347,-55.80809415627721,-31.974488027049798,-27.798174989467157,-51.38580240082933,-38.635251129288115,17,0
188,188,3,10,327573,17,0,1638.700491405957,521.3751464506471,-4.037005433038304,0.4007233002645307,-3.0418159360174286,0.3216045666029004,-9.441229407141918,-2.6553939279529004,-20.713953558239385,-4.261508935357483,-54.10516697517892,-1.8235946940853864,-73.96454937088583,-0.495948764980767,-12.352462491107874,-4.279829993181238,-33.07996082984232,-1.7308246132477052,4,0
189,189,0,10,328728,11,0,949.4981713824924,1246.9265620312733,-4.660085402956156,-0.24428258570378605,-6.594975586704893,1.4970019698600936,-5.401965107400201,2.030431535510843,-8.637497835382192,1.2283956233077329,-16.478315734460125,0.7551204129690632,-26.39832156939667,2.4324025732746577,-5.433580891632118,2.534698412637681,-10.599528916297118,1.1150032184830252,1,0
190,190,2,10,328356,16,0,899.6633084872287,999.1313153320004,-18.73149295093299,-9.00389984175979,-27.56847871743093,-15.671198748105324,-18.016065279778786,-21.18573330659501,87.23691695048637,10.949318236386487,59.658741453028476,-2.916327559413503,74.838350601186,-1.0221781417184277,47.84379781606866,2.3761959743344505,78.65403368108935,4.618216018922566,3,0
191,191,6,10,329124,7,5,852.2363009376082,1541.6830788067805,11.270175360964346,-0.17151747007028462,-0.06708674925641844,0.7813450748751619,17.270220361301654,8.828550030435963,38.270377862483095,-0.17151747007028462,38.270377862483095,5.828527530267137,23.27026536163908,-3.1715399702391096,26.27028786180779,5.828527530267137,29.27031036197673,2.828505030098313,27,0
192,192,23,10,326178,44,0,1111.2315996408158,108.40645856391693,1.1744038717454262,2.849355418461329,4.511433883065365,11.338839377085733,14.958757215342526,18.97154953424711,37.787993713168134,39.96088384480972,46.05428392838212,41.991066587389795,49.636183841175814,49.6000688690077,26.651013285555788,40.03310833574703,43.07997582646385,39.54499169923197,32,0
193,193,14,10,329140,21,0,1052.8891095552212,1551.6886588396578,8.728361954402544,-5.112007308341845,-0.2826427515622072,7.056961327337147,17.889009426050507,4.052189893361401,-12.855689684638493,5.083660614022391,-27.218765342697,0.3692170987446843,-14.018019463305563,3.6083643555621165,-8.287851722450114,11.208202588535645,-19.858399183448,1.795148697005743,15,0
194,194,13,10,328127,9,8,1339.6461613232464,855.6244007003073,-0.39711338870915824,-0.3725575057757169,-1.992249945817776,0.34917414631422616,-0.11355630008597473,-1.3417239781457508,1.4380501553841896,-0.13242777647406,1.2211616178838085,-0.2611476464549014,1.3041034030850371,-1.6738168953396553,0.6781313355054408,1.0482217790189452,1.66048245638558,0.6033791289169129,22,0
195,195,1,10,327864,14,12,1159.5953445108655,693.3656385709903,-2.3607456505710616,2.500852087176668,-8.31259437216977,8.748915939058634,-3.5744596646422906,4.40500438497827,-10.916541533355485,10.264370573695487,-18.850051788886503,15.4491032462779,-16.005440315473834,16.565448122017642,-10.554169005307584,10.770774803040695,-4.563622497400502,0.6467449480179539,30,0
196,196,11,10,329019,4,0,305.54638286537966,1466.031883094838,5.467850880473236,-22.51052318011466,14.840058982913206,-45.71859213368043,25.50022343864725,-79.04154041009701,32.72981150065806,-101.6448316855574,33.59014334258586,-116.91387086247481,35.532606194425796,-130.64419536001606,29.84873993193219,-97.15943004662971,33.612494706103185,-111.16063276200249,12,0
197,197,8,10,326468,20,18,1038.882051879445,197.42698146624835,-5.0416031670504236,-10.435860154081894,-9.039452879336977,-14.970339749793625,-10.330398116231207,-25.081901435464694,-21.808145252398162,-60.6653271834731,-20.85737098644632,-75.87598371710502,-36.06988859397121,-90.24073734229636,-15.554700650040786,-40.949127969922046,-24.07263730510863,-68.90321679618827,21,0
198,198,16,10,329025,28,0,1428.4322792102869,1469.7687009715842,-1.2435487475381706,-0.0242042593952192,-4.776448943999868,3.0574916484063124,-4.6464099453066865,2.4342338399994787,-0.4041542328961896,-5.930101989919876,5.594690947866184,-23.83241532535635,2.249328842297245,-32.946288349565066,-6.29743372990788,1.9217301659855368,5.6826284348635445,-19.27346060167929,16,0
199,199,9,10,328784,42,41,1765.6366249940115,1282.8685261928008,-44.2721355404492,14.98508213425771,-45.39320792086004,20.46438365719928,-52.16714079828171,55.396949106128204,-115.0375560990576,122.36860532238121,-175.2466626620049,168.5996202619606,-201.16698413907008,215.42734967023102,-99.70892725338604,96.1400971265948,-139.04291405461842,134.74148270713908,34,0
200,200,40,10,327774,26,0,2004.0423469868226,639.102484362311,0.8612479297810296,-0.11714823531099228,-0.3534439142113115,0.3831151370515045,4.716693111771972,-0.8121600943467229,14.47279187671893,2.402326923773672,0.0,0.0,0.0,0.0,8.894945537656213,-1.2320314215904773,34.972945627872384,-4.097721826591965,10,0
201,201,9,10,328286,43,41,1816.4403752321768,942.7034381180133,-5.6238616527332415,7.196237593829437,-9.48321762735759,11.05639967273612,-22.18876561934644,38.1038674978164,-51.57291419516241,134.5136075976645,-44.94679397729146,219.90187697910758,-32.19287465195453,304.98054955125895,-40.93273577344985,97.46399215454198,-55.00916541719357,167.38013507968572,37,0
202,202,19,10,327391,37,35,1238.3394221457086,439.8873577504581,-8.808473549757311,11.926519783660982,-13.65550930409472,18.19837324618061,-20.10365365922121,32.07990512466949,-35.108535075719146,43.7665231078401,-41.96995216208643,47.748995906741975,-49.454313421269504,50.51486624555115,-32.64658951369938,42.39166577022422,-39.31162988535335,47.092046760025475,35,0
203,203,13,10,328155,10,8,1395.311063220843,868.2974167786713,-2.2957365074573772,-0.4496254560416446,-1.9021148641777472,0.3868917884788061,-1.0943787233854891,0.3234789922926211,-4.6323706923653845,2.236318595983562,-1.6184192306029672,2.560629140820879,-1.6601511545738958,2.0021255474783857,-1.0715936916838018,-0.2451264547196388,-2.376067889074648,0.7358816213896944,23,0
204,204,4,10,328302,22,0,1165.6380926093775,953.4921622652046,-4.231004039360413,-4.067572903219343,-8.743833701349786,-8.413401097937593,-21.68738537640639,-22.264904700440642,0.0,0.0,0.0,0.0,0.0,0.0,-18.337118699956587,-37.43415606428812,0.0,0.0,5,0
205,205,17,10,326389,32,31,852.1959840862361,159.9275320466351,18.80545959476376,-28.54191416038006,8.447325943825035,-61.36537158229352,29.60608190333221,-112.41297712287148,0.0,0.0,0.0,0.0,0.0,0.0,22.81057846298279,-159.9275320466351,0.0,0.0,25,0
206,206,19,10,327539,36,35,1187.4149395351171,498.4759454899064,-5.0724956641588514,13.263473893970795,-25.130005908418752,4.459132492888274,-34.4279347073234,16.164748987059454,-75.62800783718808,37.25132399387104,-121.97097854823072,64.71472860438797,-168.952511834152,92.77095833912308,-56.46666246410473,24.96066947308674,-99.70845819562099,56.28711111617685,36,0
207,207,6,10,329086,6,5,749.9763698732651,1514.3156013674402,-18.852917764715247,-6.734961092415233,-2.477388544003361,-3.1822085700609932,-8.581977271853246,-10.14352375462022,-9.3050068622224,-18.1551298841855,-17.874014158424192,-20.108807344013485,-29.752350188757877,-17.850589034624363,-17.054540115449754,-16.25616062825543,-10.916002699813475,-22.39001611086246,29,0
208,208,1,11,347020,14,12,1155.0317220134652,694.0123835190082,-2.7746419504114783,4.396203463564461,-14.286429291486002,14.802358298259945,-19.2474633869449,21.98789246989179,-13.399718889403177,21.22493643696464,-9.44860062363614,22.939908792422447,-7.714369988528006,22.69076769616516,-11.441817818073332,15.918703173999688,-4.8396054257846135,17.711693389180372,30,0
209,209,13,11,347275,10,8,1392.9349953317685,869.0332984000609,-1.3580151018475135,1.624400795463771,0.7576486584716804,1.8247475194311849,-0.8230044518543309,2.2062526781369343,3.0099960303650732,1.4095726846668413,-1.3225075167511022,3.0211693732954927,-1.8427424603544296,4.735170644199684,0.7159167345007518,1.2662439260886913,-2.254693814222492,3.060758426818893,23,0
210,210,3,11,346773,17,0,1605.6205305761148,519.6443218373994,-13.116949451097298,-0.3814642117174572,-21.0252061453366,-0.09277008083768123,-31.170772731241183,-0.5746683339353922,-43.213792076294574,-3.1966531442965334,-36.33719408333218,12.504695267237597,-7.790526998027872,13.153305597408693,-40.884588541043506,1.2348758482669382,-39.86313306223269,3.156649516979768,4,0
211,211,6,11,923163,7,5,881.5066112995848,1544.5115838368783,9.000067500506361,3.000022500168825,9.000067500506361,3.000022500168825,6.000045000337424,0.0,3.0000225001685976,-6.000045000337424,-3.0000225001689387,-3.0000225001685976,9.000067500506361,-9.00006750050602,-6.000045000337651,-6.000045000337424,6.000045000337424,-6.000045000337424,27,0
212,212,1,11,346771,13,12,1302.9248728996236,519.342448435204,-0.05718702095464321,-0.6597657816010951,0.15738201731437584,-1.6468088217724244,3.60604131935952,-0.008345805651401859,3.921929065149925,1.1547771260145512,-2.227972256446492,2.2447910463155267,-8.495600993406697,2.0833711208576915,3.6759339303014262,-0.606043613452016,-0.39662850103263736,2.4115769008086545,31,0
213,213,25,11,345884,46,0,834.0062550469127,0.0,-21.00015750118098,0.0,-32.00024000179985,0.0,0.0,0.0,0.0,0.0,0.0,0.0,0.0,0.0,0.0,0.0,0.0,0.0,38,0
214,214,6,11,348193,6,5,739.0603671734517,1491.9255852565775,-5.609595106245822,1.2416764805336695,-6.958011458610714,2.2812087668489767,-14.067647010794413,2.4498454272427352,-20.346838624917158,7.272698884028841,-32.0870070072707,4.8110610903224815,-41.54737348661183,2.534396344110746,-18.836347488944398,4.5394270762380975,-25.659364275349503,6.1142360670937705,29,0
215,215,10,11,347042,2,1,1610.0198676520838,703.677991815605,-9.439211742824227,-0.6336438585221913,-14.86699504558146,-0.27244966231933176,-23.12702429255205,-2.4616080344782176,-38.508081313686255,-11.172798026651547,-38.508081313686255,-2.172730526145301,-44.50812631402346,-14.172820526820257,-35.508058813517664,-17.172843026989085,-38.508081313686255,-5.172753026314126,17,0
216,216,0,11,347822,11,0,938.8986424661953,1248.0415652497566,-4.331829813189643,-0.5432963260670931,-5.878786818163007,-0.3598828055139621,-11.07062790312716,3.5730716984903665,-18.59466450008813,-0.5623263604634303,-13.712129133562375,-0.8346615160223791,-12.605355673609779,-3.1102042233255816,-15.798792653099554,1.3173993547916325,-18.375700119125106,-1.775071344055732,1,0
217,217,9,11,348085,42,41,1626.593710939393,1417.6100088999399,-8.949577842739698,10.726569013858352,-36.20374860738639,33.858137554821504,-66.95159179766574,73.36580110600585,-56.4074594308463,93.35305162296436,-25.27654146681448,69.84938688945249,-95.75962079558668,100.79048248918434,-62.12407008445166,80.68586696309194,-43.20541334621339,86.07177854533893,34,0
218,218,40,11,346934,26,0,2039.0152926146948,635.004762535719,0.0,0.0,0.0,0.0,0.0,0.0,0.0,0.0,0.0,0.0,0.0,0.0,0.0,0.0,0.0,0.0,10,0
219,219,4,11,3134105,23,22,1171.468350413311,948.7319136231424,4.163297883928408,-14.571542593749427,-2.0816489419637487,-8.326595767856816,12.48989365178545,14.571542593749086,22.89813836160647,49.95957460714078,37.4696809553559,99.91914921428145,60.367819316962134,145.71542593749368,18.73484047767829,31.22473412946306,22.89813836160647,81.18430873660337,39,0
220,220,4,11,347321,24,22,1144.174481141541,887.177793985999,-9.210318478914134,-6.8444379292571975,-4.745709328358998,-1.9955126095575224,-21.954670373694853,-16.89909905740535,-47.294725090947615,-24.566137507320036,-58.99791563238705,-26.22633226061919,-88.71306327879051,-49.616118530076285,-34.54032769308924,-20.802372789128526,-47.77704156984692,-20.53222881972624,40,0
221,221,10,11,920626,3,1,1997.5149813623602,749.5056212921596,15.00011250084367,-6.000045000337309,12.000090000675073,-3.000022500168712,33.67438208216322,-6.8569529234725906,0.0,0.0,0.0,0.0,0.0,0.0,0.0,0.0,0.0,0.0,19,0
222,222,19,11,346820,36,35,1087.706481339496,554.7630566060832,-13.72961145053432,6.140965830078585,-22.262520352609727,8.427617488211126,-46.99758570179324,28.57886288851137,-94.6522047439662,47.36845912749243,-97.94677290758284,50.484710395522136,18.32357605714037,-6.629187216049331,-69.244053638531,36.483847222946224,-107.25553483600254,55.88451002736349,36,0
223,223,11,11,347975,4,0,339.1588775714829,1354.8712503328356,1.440526593081472,-3.4467708948830023,-0.02235136351731626,-5.753238100472344,-0.8477189711712754,-11.145958580427987,3.0804776928492856,-23.914601119799052,7.236372495445098,-39.44746001321072,13.038891559973305,-57.969401878478486,1.9201114883226185,-19.483562598013574,4.048211413371575,-30.385322225113892,12,0
224,224,2,11,347474,16,0,978.3173421683181,1003.749531350923,-11.52761871353539,-7.6009707164979545,-18.995292228060862,-7.534543578336071,-19.60834998156872,-1.2858922986061998,25.14775589543365,14.011595054287113,44.72017626252318,32.013496280138504,44.889125560743196,50.929080887480715,-3.815683079903352,-5.640394160640994,70.83547398057772,29.568183276930085,3,0
225,225,19,11,346716,37,35,1199.027792260355,486.9794045104836,-0.6163603765553489,2.705937918145594,-2.658322276733088,0.6569491467164994,-7.330672260490701,4.253901424203832,-19.31225957450805,6.69127554277128,-33.053574580020715,-5.570550120455948,-20.070983876637683,13.026173830187588,-10.142683535916149,3.422819485525679,-26.762712156235466,5.041988593703593,35,0
226,226,8,11,346072,20,18,1014.8094145743364,128.52376467006007,-0.12130951298809126,-3.3891428125881617,3.2152663186623163,-6.9727669209167376,1.7994901747663334,-23.16280680267137,-22.09955729793205,-1.9003709530178408,-36.58527705197446,-20.65839731125285,-13.981083841509758,-25.264778263547438,-11.997251288862572,-21.337520546108067,-29.68936038421327,-11.488395590476985,21,0
227,227,16,11,348135,28,0,1434.1149076451502,1450.4952403699049,1.7454285129776963,-3.8087112792995854,-0.0879374869973617,-4.558954723677062,-0.7847240600253826,-10.035186938990591,2.7841252483901826,-25.34519715208193,3.204845762854575,-31.876816549926616,-1.8015016831898265,-42.57692136376954,-3.4332995925663,-13.672827747885776,5.4500892745597875,-29.72556609911726,16,0
228,228,9,11,347629,43,41,1761.4312098149826,1110.0835731976988,2.6469493426429835,20.148310455129604,10.062371439902108,52.52174189942186,17.041061243770173,97.78676547611737,28.710317662500984,166.9408461802193,27.53745271464755,199.49095722441825,40.43493762035654,213.56660264474544,22.816290765239053,137.60041447157323,30.174473211654004,192.92423844810835,37,0
229,229,14,11,348279,21,0,1033.0307103717732,1553.4838075366636,0.5498240607714706,-1.8062179374064729,-7.360366159248997,-1.4259315982610588,-5.159657913188312,0.11632455094286345,-8.452035158369654,-4.993807193415024,-3.2627560632104182,-11.315361953651745,-1.6086808036293403,-11.622425634892352,5.840379720142437,1.8132156585563728,-3.91129125524094,-7.833361985696001,15,0
230,230,23,11,346098,44,0,1154.3115754672795,147.9514502631489,2.764355482103838,2.354123723010161,2.974308101918268,2.4460748881578245,5.567946241990511,2.9215813631604988,8.019211320454815,-0.3207370684164061,11.262676094409015,-36.1995244137309,35.07019495248528,-35.453793205824816,6.556208014711956,10.055077169775727,7.92609202845756,-25.19445460860284,32,0
231,231,13,11,347260,9,8,1341.3066437796322,856.2277798292241,0.18174289076455352,-2.055464930651284,-0.4393208385017715,-0.8645267753718144,-0.7974460029020065,-1.3544563026518972,-0.8367092079110989,-2.1545757418857647,-0.4063518366165226,-2.65351899264067,-0.3854708920302983,-3.4290470666987862,-0.3563790533005431,-2.2771960242565683,1.288122349778405,-2.0715475113930784,22,0
232,232,13,12,381312,10,8,1390.6803015175458,872.0940568268798,0.4646264921059355,-0.6782852418298262,0.9321862974713896,-0.03958905352340025,1.1694610672452654,0.5810982668834868,-2.179236221367092,-1.9057037318358423,-5.052007410401983,-0.5730046063846429,-4.122995310698799,-0.2287925607354282,0.4119513538680621,1.674412217380791,-5.867730539343937,-1.6421145540299449,23,0
233,233,2,12,381571,16,0,1049.1528161488957,1033.3177146278529,-9.015575246216258,-2.704962074685,-26.11529771805453,2.4453130032084123,-37.56393384934313,7.18590077052977,-16.19899513698533,27.243843040285807,-2.0630237722202764,20.45358853839616,-23.81889368331349,16.604981235363308,-25.946348419834518,21.36089761055064,-13.550646788943824,23.949384836892705,3,0
234,234,4,12,3134138,23,22,1194.3664887749173,1029.916222359746,2.081648941964204,8.326595767857043,14.571542593749427,18.734840477678066,24.97978730357022,43.71462778124851,41.632978839283616,85.34760662053212,47.87792566517669,106.16409604017393,52.04122354910487,120.73563863392384,37.46968095535567,64.53111720089032,43.71462778124783,91.59255344642472,39,0
235,235,11,12,381999,4,0,343.2070889848545,1324.4859281077215,1.0296372800101494,-3.6552346873559145,3.1881610820735204,-9.062137788096834,4.28804616748215,-15.055499279930014,11.075823940118024,-33.47766123876454,15.926981891879564,-51.329367865604134,27.83057449034812,-104.9843121084682,8.990680146601733,-27.5840796533646,11.964372387530148,-39.039135178531524,12,0
236,236,6,12,382257,6,5,713.4010028981021,1498.0398213236713,-4.855560375379357,-1.0586288872252678,-6.427642731921196,-1.3031749767712881,-10.732873216125881,-2.1861026652240985,-21.77152462357833,-4.750971305050372,-23.132561632546754,-7.506932576437067,-33.95511736534479,-16.162244585867256,-15.888009211262329,-3.5798397229830243,-25.565493813091173,-5.57133589772161,29,0
237,237,0,12,381872,11,0,920.5229423470703,1246.2664939057006,3.6278784097127073,0.6092982456984828,4.663570985562728,0.9404098280333528,5.308863745925464,-0.8138158522449429,2.872488944327756,0.4791898283801857,-6.7724517204351296,-0.3353469991232032,-9.310713824810476,-0.7000185604470062,5.77034444551532,-1.3351328792698496,-1.5038783639855635,2.0193697852375863,1,0
238,238,16,12,382140,28,0,1439.56499691971,1420.7696742707874,0.04636015722644515,-2.6104443824633563,-2.245243511705212,-2.151250450809357,-5.975896182481165,-8.685021265602927,-31.339624185291534,-4.546319632739369,-50.35017553373655,-3.1969056952220853,-54.82332573048485,-10.119742344993938,-7.251590957749612,-12.851355264652286,-45.383369162217825,-2.972139388497908,16,0
239,239,1,12,380728,13,12,1302.528244398591,521.7540253360127,1.0540034757275407,-1.09312698520705,-1.8313437554138543,-0.16678585449312774,-6.8631278199852686,3.6718087951761618,-4.821793118567483,-4.9290557415743015,-7.843426377666674,-5.203835399247282,-6.647664974940199,-21.043385399435522,-8.09897249237406,-0.328205779950963,-9.991992601249192,-2.4819749598202634,31,0
240,240,9,12,382267,42,41,1583.3882975931797,1503.6817874452786,9.40774937164474,-11.58085866334136,17.928871879398912,-16.22239165588644,-14.302590356005568,-22.449199350480733,-46.716913556080044,15.869334415684762,-48.57185981229236,32.687024465143395,-21.834455342088862,24.476838503353967,-52.554207449373294,14.718703943845412,-50.06302892405688,27.51881711424994,34,0
241,241,3,12,380730,17,0,1565.757397513882,522.8009713543792,-0.2531364689264137,5.606649698916159,3.5259389789005127,9.348045750257825,23.164546690386032,9.992040679431057,40.22384687664498,5.486383583392353,56.1429259663305,2.530921798438044,87.53762272990801,12.202393873355506,32.07260606420482,9.99665608042892,47.14440826603118,5.291381552975282,4,0
242,242,6,12,923213,7,5,887.5066562999222,1538.5115388365414,-9.000067500506361,3.000022500168825,-9.000067500506361,3.000022500168825,6.000045000337536,3.000022500168825,-6.000045000337424,0.0,3.6667593715577596,-0.9955936501016822,11.547403928568995,-0.4254580163401441,3.0000225001689387,-3.0000225001685976,2.540800274412504,-1.22038415908969,27,0
243,243,10,12,920650,2,1,1571.5117863383975,698.5052387892907,0.0,3.000022500168825,0.0,3.000022500168825,-9.000067500506248,-9.000067500506132,-6.000045000337195,-3.0000225001685976,-18.000135001013177,-12.00009000067496,-21.000157501181096,-9.000067500506132,-6.000045000337195,-9.000067500506132,-12.000090000675073,-9.000067500506132,17,0
244,244,26,12,379861,47,0,859.0064425483191,0.0,-21.000157501181206,0.0,0.0,0.0,0.0,0.0,0.0,0.0,0.0,0.0,0.0,0.0,0.0,0.0,0.0,0.0,41,0
245,245,19,12,380882,36,35,980.4509465034934,610.6475666334468,2.504132864833992,0.5062840620697671,9.308761928419699,-5.399799631841347,25.64403866569216,-27.93715516675172,155.80611112447139,-42.21760347373152,166.48404075199838,-47.35254692540025,-10.7486784906107,5.1441677868008355,125.57911089314292,-62.51369724341282,172.32645536472856,-39.596984064125756,36,0
246,246,13,12,381272,9,8,1342.5947661294106,854.1562323178308,-2.7468192151463886,-0.10910948723017096,-1.6944741863949275,-0.5819714812475922,-1.7837873695000326,0.2476341713017973,-1.3074001687982673,0.14831729212278333,0.4487586045831904,-2.9570387632014667,-2.757717244933019,-1.6745786747774218,-1.6735932418087032,-1.357499555305708,-2.153467931220348,-2.875278284784372,22,0
247,247,8,12,379994,20,18,985.1200541901233,117.03536907958308,-1.3869990405009958,-4.563687032067392,-6.895916667761184,-9.170001720775872,-1.3014353501545202,-16.834074872760354,21.087580926517266,-12.328179144182483,19.54893465179623,-42.89683365129396,39.63767028252653,-85.78915701364434,15.708276542703517,-13.776382673070454,18.28030059327125,-25.762490687285336,21,0
248,248,1,12,381038,14,12,1150.1921165876804,711.7240769081886,-5.457266104736618,5.631159965570988,-4.608995197851527,5.228215403242076,-0.09012331961093878,1.109504716741867,-8.179616164538174,8.734527529665343,-5.57996689274114,11.704886353732377,-7.819085958133655,14.307773870621073,-2.874764562743394,4.979074306984785,-7.887705495031698,11.343212153698573,30,0
249,249,23,12,380010,44,0,1162.2376674957372,122.75699565454607,0.5220853424293637,-4.652050185831017,3.336584065951456,-11.005069805128059,11.832179617798829,-10.342322113801401,41.6108391493815,0.4554780494242294,34.78396157801103,15.830338573607055,25.290647865621853,35.490508438023696,27.14410292402772,-10.259338597221985,40.9041605869013,8.263888683761465,32,0
250,250,14,12,382320,21,0,1029.1194191165325,1545.650445550967,-0.2149781449836609,-1.258910716688888,0.648535192030522,-3.481999967955744,2.718322257931959,-6.07088743143595,14.669683776744025,-3.164166443801605,21.201363840495556,-0.0973810409050202,34.84462604535247,1.0196751360031158,2.3026104516116,-3.789063649196352,16.160460493416167,-3.684386356326741,15,0
251,251,9,12,381951,43,41,1791.605683026637,1303.0078116458071,-2.0959889244502388,3.4111293310973,-2.637020497006461,6.5667187763099255,2.2438497869652565,14.268902586275315,6.179580698023982,25.1791687396842,16.769671293174493,32.714446550628054,13.893716112652328,-3.4295327692641417,10.260464408702546,20.64236419663712,9.634700886085284,31.270385153493642,37,0
252,252,4,12,381305,24,22,1096.3974395716941,866.6455651662727,-4.611684901949047,-5.8231976171665565,-11.220874062540133,-5.694103440892945,-33.22266220271922,-25.86411886434393,-39.53819015603222,-24.788367339845987,-24.69882419787541,-13.51667847617125,-13.129358061024506,5.189581311261236,-40.9360217089436,-29.08388971035005,-33.902265317356985,-22.69586096541184,40,0
253,253,19,12,380666,37,35,1172.2650801041195,492.02139310418715,-0.5063666613696114,-6.7553048533803235,-6.290862423785256,-10.61253871415954,-8.304722761925177,-6.835697182327237,12.29359397272151,14.073525581339764,4.660796084134064,-11.072568921249967,-4.754011926001112,-46.58941211353613,6.691728279597782,7.984185236483995,3.1043786143786747,2.8276573510145795,35,0
254,254,16,13,406533,28,0,1394.1816277574924,1417.7975348822895,-3.2871443936596734,0.2995665057690076,-4.9668063715187145,-0.2247663067241774,-15.544209912233555,-39.53601267384829,-13.306912457643875,-42.1595372135596,-1.190553905267734,1.3121067702888922,0.0,0.0,-9.439956568267007,-7.14760295649603,-10.210225839786515,-7.824738236793338,16,0
255,255,19,13,405150,37,35,1175.3694587184982,494.84905045520173,1.7432073498919185,-3.700205081970921,1.5564174697553883,-13.900226272264547,-14.528136711061736,-27.69094901667921,-7.673276222901904,-60.41304040425973,66.60933862489173,-38.71373513763473,88.87101451145054,-92.8439292907724,-7.858390540379788,-49.417069464550714,25.88938514361098,-35.834453058763984,35,0
256,256,23,13,404504,44,0,1203.1418280826385,131.02088433830752,-1.85919262397465,3.0111725980634683,-6.120199008890268,7.566449889845586,-28.761668644711328,25.018318481588693,-12.744315702384254,27.422921665495863,7.521687234091588,41.01866305126652,10.551018321657466,34.440949625010205,-15.613512721279447,27.226619754262234,-0.2954715677351487,30.112478569058307,32,0
257,257,1,13,405540,14,12,1142.304411092649,723.0672890618872,1.0566159939694444,0.6485500978509435,2.307738602290556,0.3616742000338036,-1.6354635968330058,2.9784374133651,0.6654975902752085,2.99604444355964,2.7133455955306545,1.5113620344823175,5.9113891157244325,-4.694073070389209,0.06861953689804068,2.964561716922504,0.7388021805961671,3.090589665511516,30,0
258,258,11,13,406305,4,0,355.1714613723847,1285.4467929291902,2.767642164464576,-5.204193322587116,3.962609504349416,-12.290232687072606,12.963412389237197,-47.156655411899,18.808798892936238,-75.03369786637812,17.986144582865677,-79.24020933232532,18.814085728071007,-81.26817111844049,15.866202102817965,-65.94517692993668,20.14623257215851,-82.38498116874575,12,0
259,259,9,13,406689,42,41,1533.3252686691226,1531.2006045595288,-0.5437260847006655,7.410904170940057,1.4911691117645205,5.168207350893454,17.611465530875424,-4.40820540577829,34.014793478241245,6.7961640009923485,33.508422389876834,21.21170436749549,18.95188688469284,27.52388195730941,28.22857358196802,-3.041978610895967,32.618271989807,19.29444467853796,34,0
260,260,6,13,406698,7,5,890.0474565743347,1537.2911546774515,-11.540867774918866,1.22038415908969,1.1259590971452549,0.2247905089880078,-20.540935275425,-1.7796383410789076,-27.362897630710677,-13.86286429688198,-11.5850527481914,-12.84552373379529,52.03810157463647,9.395873055242195,9.006603654156491,0.7949261427495458,-24.08388018230369,-15.063480334688618,27,0
261,261,19,13,405288,36,35,1152.7774018682221,571.0505825693209,3.4987227778440237,3.745714548664637,-5.842414612730181,-7.755562861274482,-50.10207325467854,-20.640350521077377,-191.0126384055413,51.09466014007342,-170.30662427079687,45.17859977371985,-250.81800126689686,61.246155382505655,-183.07513385533923,44.7411518509266,-175.48511970005154,41.77325553127604,36,0
262,262,14,13,406711,21,0,1045.2798796099485,1541.9660591946408,9.557689119402085,1.695837345548853,5.040903347079393,3.5870053154217203,20.05978053439503,5.3683298954274505,6.540221992834404,1.2254234282268044,15.244317340306225,3.1831645102845414,27.956560251492423,8.996898091115781,18.684165551936303,4.704061492329856,20.040175337709343,2.358547064771301,15,0
263,263,4,13,405694,24,22,1062.4951742543374,843.9497042008609,4.106774916986296,4.3223799601017845,9.203441119481568,9.179182489240588,15.752820604875069,22.251006929519463,22.12590676241166,30.560280346178608,20.540276292170574,31.493847175426367,14.47610680744765,32.60859349365773,20.77290725633248,27.885442276673075,23.545740435675267,31.40947715280685,40,0
264,264,13,13,405706,9,8,1340.4412981981902,851.2809540330467,1.1341859745045897,-0.7875854373997981,2.6022265358035384,-0.08176047841709533,-1.0502451142504017,0.694899530313478,-0.3459783153236913,-1.1671970126043334,-0.8829473416765268,0.6089966777683458,-1.0973212707624498,-2.042297064884224,-0.6042493137126712,1.2006996100069498,-0.24443525837477864,-2.537182486299912,22,0
265,265,2,13,405969,16,0,1035.6021693599519,1057.2670994647458,8.460306030728589,-3.5021770422360987,11.487623016723544,-3.4957962984965434,2.6091533187375258,-3.6378746702796434,-26.85157022364933,-19.576600533651344,-93.48931492180841,-44.50072358313707,-109.63757287856777,-34.25734289778211,-10.268246894369668,-7.344403601529392,-64.6699458972937,-34.19853528499368,3,0
266,266,1,13,405209,13,12,1292.5362517973415,519.2720503761924,1.6840848846247811,-0.7812872255115053,2.1485662235825203,-2.7218604394270187,-1.8370731426132352,-15.467852781759973,-1.1380476236238335,-12.60639906711674,0.6057379169185424,-8.652598167536553,0.20119996430253195,-12.472341957466142,3.344327626308996,-18.561410439615265,5.1613327104669215,-16.098085017617734,31,0
267,267,8,13,404455,20,18,1003.4003547833943,91.27287839229777,2.196511989006808,-8.4447605550409,1.268634058524981,-17.134342964008624,11.533583324948035,-31.48934720534077,23.124496541537496,-80.53676814546445,0.0,0.0,0.0,0.0,21.35736968925528,-60.026666326359006,24.607355274430915,-91.27287839229777,21,0
268,268,3,13,405220,17,0,1612.9018057799133,528.0923529073543,4.371335864324919,-2.9232406790406458,8.998517700299319,-2.7604597545372367,27.85097184910478,3.696903966140781,64.63481277451136,12.000700511365947,52.34409334582119,-3.1526306238788493,36.46141450701634,-8.229418235683852,40.393214463876795,6.911012320380223,60.99009165496295,2.3471926146245323,4,0
269,269,9,13,406372,43,41,1801.2403839127226,1334.2781967993008,5.203966539758767,-1.7590160587785704,7.134970407089213,1.4440613971344192,11.745842400687707,1.0342687033773927,-7.666741043847653,-91.9236078246008,-27.244916415464786,-192.32377990969346,-37.51456310046775,-249.28409840980592,4.259015226567044,-34.699917922757784,-14.584749944219766,-150.54691954590385,37,0
270,270,10,13,920680,2,1,1559.5116963377225,689.5051712887848,0.0,-3.000022500168825,-6.000045000338105,-3.000022500168825,-9.00006750050602,12.00009000067496,-21.000157501181096,-3.000022500168825,-24.000180001349694,0.0,-27.000202501518515,0.0,-9.00006750050602,0.0,-18.000135001012264,6.000045000337536,17,0
271,271,13,13,405741,10,8,1384.8125709782016,870.4519422728497,0.5315119518681968,-0.04464386383006058,0.8157231289419542,1.0691099476453019,1.5244341421762329,1.8892124604644769,0.6614647932528896,-1.3345352581089855,1.5644810227793189,2.3989197387890044,-1.9043137450025824,-1.6365451964433078,1.7447352286451403,1.413321993294517,0.8834645209230985,0.8906774272073791,23,0
272,272,140,13,406898,49,0,48.24282718520274,1681.2960813986965,11.186262912110985,1.3485981961996458,17.847565258643073,-6.458744013405294,5.615016068500034,-11.430563578622696,8.776389053036333,-4.773354960895858,16.253671501080333,6.158978578571805,15.93092359953836,8.836702546061133,4.650013606881906,-5.452718653616331,11.978875832541732,-1.6317539519986894,42,0
273,273,4,13,3134168,23,22,1238.0811165561654,1121.508775806171,2.081648941964432,8.326595767856363,4.163297883928864,14.571542593749195,4.163297883928864,16.653191535713404,8.326595767857043,33.30638307142726,12.489893651785223,41.63297883928385,14.571542593749427,49.95957460714044,8.326595767857043,29.14308518749908,10.408244709821249,37.469680955355436,39,0
274,274,0,13,406268,11,0,919.0190639830846,1248.2858636909382,-1.7416125142157166,-2.51076741841257,-5.268573356449565,-2.354716784360789,-7.5396015976350546,-2.137723259447739,-4.827965264613795,-3.4213206348226777,-3.8755256421659396,-3.54302019077818,-8.265752278334844,-4.098234588512014,-7.806835460824914,-2.7193883456845924,-1.6527850852303343,-4.008499959806159,1,0
275,275,6,13,406650,6,5,687.8355090850107,1492.4684854259494,0.5588982779881917,-1.2660668382068252,2.4329321805444124,-1.9355966787154562,-3.23857766796084,-6.458787353006301,-7.311641323763977,-14.646234395304418,-37.681564071217615,-33.997116696564035,-30.08208814529701,-51.69401644328332,-8.389623552253624,-10.590908688145648,-15.173016745454788,-20.721346536809506,29,0
276,276,6,14,443270,6,5,672.6624923395561,1471.7471388891406,-1.616861412855883,-3.3673569663437766,-22.508547325762834,-13.27577015975453,-23.663591659083643,-23.350009883359238,-12.507422972807715,-38.292334295852925,-14.920066122558865,-39.12576148693756,-27.71572045838741,-36.61531802868012,-14.909071399842222,-30.972669906473808,-16.11708821884895,-38.074462650584564,29,0
277,277,1,14,442244,14,12,1143.0432132732449,726.1578787273987,0.21486530634388146,-0.9143341653659718,1.974543414934488,-1.5792276310291982,1.8440977310046949,-3.1388366463390867,6.2810112196636965,-10.17855783587845,1.1702100028437599,-3.13248146666092,2.2734190565513472,-1.4250507142107836,5.1725869351282645,-7.784662735900724,4.510520415009751,-7.160430592432249,30,0
278,278,14,14,443395,21,0,1065.3200549476578,1544.324606259412,10.517840159927346,1.578307699621064,-4.795857997403118,0.8246174455132405,-7.346715696269258,5.21118621792084,20.671736237467485,6.291047007430053,27.608048964645143,0.3354327100289538,30.507371158756317,-11.633113577339373,7.916384913783077,6.6383510263444805,24.245248599802608,6.360926061917097,15,0
279,279,10,14,920710,2,1,1541.5115613367102,695.5052162891224,-9.000067500506248,9.000067500506132,-6.000045000337424,-6.000045000337536,-12.000090000675527,-3.000022500168825,-21.000157501181548,-18.00013500101261,-33.000247501856386,-9.000067500506361,-27.000202501518746,-9.000067500506361,-9.000067500506248,-6.000045000337536,-42.00031500236287,-27.000202501518856,17,0
280,280,11,14,442888,4,0,375.3176939445432,1203.0618117604445,-1.3295223165596326,2.4732839221646827,-2.1600879892928333,3.144771836420432,-1.99692373243181,-0.74535508810186,-1.8209497551565617,5.390551710859426,-1.119237521892103,6.7576234979017045,0.03308858097040002,-0.8897619454669439,-1.3321468440875035,1.1168100503052756,-1.9011859692360533,2.906575093436004,12,0
281,281,9,14,443401,42,41,1565.9435406589298,1550.4950492380667,-0.5027488630921653,1.373980238334525,0.8901504000698424,1.9172596889575289,-17.338154505458533,7.603378078457807,-11.618340081337012,9.334050726502028,-15.645559550793905,-7.651242788555693,-9.091138234437269,-8.25857998819788,-13.66638510511416,8.229437278771456,-9.222895796631747,8.076359221252005,34,0
282,282,1,14,441875,13,12,1297.6975845078086,503.1739653585746,-5.235998327405923,6.928187128436662,-4.55559479354838,7.445486850081181,-4.512228011361003,3.4502886626900704,-12.510462971191828,9.614899484063528,-13.177011522959447,13.137630244016519,-12.575479599345956,2.478974895376893,-4.960132746164391,3.625743060151592,-10.145219947646185,14.032331181497225,31,0
283,283,39,14,441383,51,0,798.7395683261815,221.7897136333204,-29.990965207631234,-18.479367104327878,-53.506835859536295,-22.57258267030213,-43.0975248924268,-61.17493162790666,-154.7550779343909,-199.6386679841654,0.0,0.0,0.0,0.0,-99.92280533914936,-99.29801570024269,0.0,0.0,43,0
284,284,2,14,442666,16,0,970.9322234626584,1023.068564179752,-18.478061427804505,-6.122770029458137,-28.819369024514685,-10.302188298143394,-43.71429090597394,-4.9312015804932825,-43.99774696873328,2.4139028682531034,-19.28419543398832,5.497757153771204,-9.518905777706893,2.23898779502872,-44.96762698127407,-0.05880761278842784,-36.19576100866868,5.575409590826098,3,0
285,285,16,14,443187,28,0,1383.9714019177054,1409.9727966454966,-0.15686637662201974,-7.154365376205987,9.019671934518783,9.136845007082233,0.0,0.0,0.0,0.0,0.0,0.0,0.0,0.0,0.0,0.0,0.0,0.0,16,0
286,286,30,14,441136,52,0,535.1673616592722,79.17634601106785,9.28841811681616,-5.733244524423796,16.917277978175434,-28.655873372736764,32.35455863954803,-47.04010633761223,0.0,0.0,0.0,0.0,0.0,0.0,59.83710087419684,-79.17634601106785,0.0,0.0,44,0
287,287,13,14,442428,9,8,1340.1968629398154,848.7437715467469,-1.2458991456958302,0.9355780793207488,-0.6385120833017481,3.1461791640682577,0.1409256629101492,2.479034697054089,2.616471788382114,2.781874544461971,3.7398483727731673,2.4560879506786932,4.5591765441804455,2.930856435887108,-0.8528860123876711,0.4948854214156882,3.36730055012913,2.3919712137119404,22,0
288,288,140,14,443581,49,0,60.221703017744474,1679.6643274466974,-0.18202189339640285,3.726063730483929,4.2747956685386015,7.790732530570493,5.649118025524688,9.664530218025902,8.47570086940894,11.921419280093913,5.216367221634883,12.512915009297554,2.4098377325574134,13.569076875146491,3.952047766996628,10.468456498059822,7.79909855006143,12.513403792249164,42,0
289,289,0,14,442937,11,0,917.3662788978543,1244.277363731132,-0.33706666002956354,0.3896397491132575,-2.222740556935605,0.4654797690279793,-6.197554313076239,0.3535324019183008,-3.611241098215487,-0.8266359665224172,-4.059543983372237,0.9082498085988392,4.98373056502794,-0.17229886659015392,-6.6129671931045095,-0.08973462870585536,-5.307908538744414,1.3210367902786402,1,0
290,290,23,14,441287,44,0,1202.8463565149036,161.13336290736584,9.172145492809703,7.415724390422639,7.817158801826736,10.906184482208204,6.148496565258938,2.113184814645251,25.55553046273621,6.049657888937531,3.779114537705027,5.19318856592173,-22.2282015999715,16.421655085596882,10.846489889392616,4.328471055951893,23.925645494283124,7.816431666085008,32,0
291,291,19,14,442053,36,35,977.2922821681703,612.823838100597,10.263055430496363,-6.825733277922383,5.178495429254667,3.4053442424437885,-72.54399670580267,28.184174963854844,-76.50087727348205,16.17414338113565,-139.65206292189816,38.057187621039475,-91.50984350899091,21.99866369127608,-75.33288156684523,19.472899851229613,-74.16344431214361,8.290772180107979,36,0
292,292,3,14,441921,17,0,1673.891897434876,530.439545521979,-4.418633118358684,-2.599739065765561,-8.64599830914176,-5.499823238503383,-18.107336075434887,-7.128520199755712,-31.525185944441773,-13.682244054853866,-37.31598937021272,-9.997831319655576,-46.140689535267924,5.799964009714131,-24.52867714794661,-10.576610850308382,-34.3727913710909,-15.030072316981318,4,0
293,293,8,14,441040,20,18,1028.0077100578253,0.0,0.0,0.0,0.0,0.0,0.0,0.0,0.0,0.0,0.0,0.0,0.0,0.0,0.0,0.0,0.0,0.0,21,0
294,294,13,14,442463,10,8,1385.6960354991254,871.3426197000572,0.8339605519925044,1.4171915292366748,0.6810165018562202,1.5082423115816257,-0.5052201736189089,0.12764881188786606,-4.984218899887765,-1.934179123913964,-4.073225575151581,3.4068329372572634,-4.964668946930487,1.1880916323274278,-2.787778265925681,-2.5272226236506867,-2.7889692629848923,3.641036891605381,23,0
295,295,4,14,3134198,23,22,1248.4893612659864,1158.978456761526,0.0,4.163297883928408,2.0816489419639765,4.163297883928408,4.1632978839281805,8.326595767856816,4.1632978839281805,14.571542593749655,-4.163297883928408,-2.081648941964204,-2.081648941964204,0.0,4.1632978839281805,12.489893651784994,6.244946825892839,8.326595767856816,39,0
296,296,6,14,443357,7,5,865.9635763920311,1522.227674342763,1.8677385658868388,-0.5032927901290805,12.498827434112284,2.2179566008933307,37.951053427978074,6.2491537500498,92.3045713511309,32.769134071996625,102.53903898136022,50.624493387982966,129.4443320202787,61.722788518125064,76.12198175694016,24.45935338993081,137.49743027179227,45.983434228955275,27,0
297,297,19,14,441817,37,35,1201.2588438621092,459.01459739643775,29.65072680485105,3.6874120181662415,40.719953481280754,-2.8792820788707445,54.96673035991307,-26.417136302032016,51.89380031376914,-61.20867963528042,64.52643663257481,-71.5098714219452,42.74979073225222,-116.19949717704088,62.981629367839574,-57.00947623200841,72.10907467432776,-63.66064973307533,35,0
298,298,4,14,442469,24,22,1086.0409146900124,875.3591813536677,-2.0793108132436373,0.6454966989963395,-3.0054641435046965,0.08437002261950965,-7.085653141586138,-0.4468317570634781,-13.474465494541846,0.2816366404470045,-15.532885879796364,-2.8526375545893643,-12.532863379627544,3.147407445748172,-9.069633628227619,1.1991163408508785,-16.595560468820622,0.13293712223708098,40,0
299,299,9,14,442858,43,41,1786.6556339685026,1183.7312772533971,-6.034572865449718,-21.96725631085383,-12.66016647124502,-41.77686036378964,-23.25254478201714,-85.5808123453919,-25.404408091220606,-115.594159001329,-32.526641805865665,-177.56074526997241,-38.288099802045046,-217.80907370818954,-22.92981315624797,-98.73717886390206,-28.32561251754487,-132.21742185641486,37,0
300,300,31,14,442618,53,0,44.00033000247503,977.0073275549563,32.15930172939047,-44.59973612618136,39.52991894624885,-55.044725157612326,43.000322502418776,-60.00045000337457,52.27362434722249,-80.20638002574026,41.072592341905754,-77.21416537826633,38.743552764836394,-81.9885025652112,35.39751050157603,-49.43674068992152,45.911278460347134,-79.2858331299998,45,0
301,301,2,15,472718,16,0,934.7364624539896,1028.6439737705782,7.7144606398644555,-1.1072808139954304,16.911565574680367,-0.07765243705489411,36.72174863965108,-2.9270905459650294,50.38418069893737,0.26115597824173165,125.56443626264073,21.7324602646238,122.27735851714384,23.633278929543852,26.67685523096179,-3.336421795797378,76.0691233667527,8.445592845492456,3,0
302,302,6,15,473358,6,5,656.5454041207072,1433.6726762385556,2.1656718825711323,-0.1952970270001515,1.197022096290084,-1.0512988363529985,-5.1784712728537,0.3967325630319465,-5.7392929535982375,-1.9177168493074528,-4.08871276200864,-4.317579830307294,4.176705349138956,-4.298363429721803,-11.59863223953846,1.4591446219044428,-3.825468170116096,-3.8052292717836735,29,0
303,303,23,15,471563,44,0,1226.7720020091865,168.94979457345084,-11.481078043447495,-3.83316746448142,-20.14653095657809,-2.623243100163279,-27.650058008325914,-2.8273570537250237,-63.9569885308008,46.7630400315869,-99.23709638141828,63.53992108356675,-104.45795940761377,69.37876464801501,-46.153847094254616,8.605223419511873,-82.3010207285588,64.5571131822966,32,0
304,304,31,15,472595,53,0,89.91160846282213,897.7214944249565,-3.6393043323282797,2.463919472957059,-4.8386861184413865,2.0716677517334574,-4.131704854759136,-1.7235357121619472,-24.49886744671165,27.91311358857615,-15.241523972096214,17.59641179807943,-27.924359790771998,43.90468792636864,-7.167725695510754,-2.7026694352114187,-8.80984398670195,4.417261066081551,45,0
305,305,3,15,472098,17,0,1639.5191060637853,515.4094732049978,-0.9570342883794184,-0.13083086123890553,-2.9431979991218213,5.032240997325744,-4.0080322647090725,10.003091434847308,-17.164839879856572,20.250489606722567,-34.164360100516895,19.493026821552352,-44.52172396265109,27.352431045005694,-11.767898164177039,20.83003632669545,-28.76739541182815,17.21487038337375,4,0
306,306,1,15,472111,13,12,1287.5523645601625,517.2062965400719,0.01691877943903819,0.03933939611783899,-3.031791575313264,-0.8947009374807067,0.6496618903959188,-9.300330879744363,-10.861741009291787,-14.734953114071345,-12.297702954356511,-14.364345607661393,-12.474026289140054,-14.382648862943654,-2.430259651699771,-11.553356286120335,-11.82018794022042,-11.850498550569567,31,0
307,307,9,15,472750,43,41,1758.3300214509577,1051.5138553969819,-1.2662002125230174,-27.372702796727708,-4.201029288320797,-45.34332341355753,-8.086318280590831,-72.58802925799489,-13.839343372947495,-98.29881499611372,-20.327073617297174,-125.40049029871295,-20.529354143564433,-132.7320041272037,-9.962487284500185,-85.5916518517747,-18.35081914115358,-114.3061020391626,37,0
308,308,10,15,920740,2,1,1499.5112463343473,668.5050137876034,9.000067500506475,18.000135001012495,9.000067500506475,18.000135001012495,15.000112500844125,18.000135001012495,9.000067500506475,15.000112500843553,-9.000067500506248,15.000112500843553,-27.000202501518746,6.000045000337536,15.000112500844125,18.000135001012495,9.000067500506475,15.000112500843553,17,0
309,309,14,15,473514,21,0,1089.5653035474604,1550.6855323213297,4.479190677178622,-1.6658374246312633,3.362800364842542,-6.025493351888144,7.378997425794068,-19.8620029029114,3.630949005711273,-26.71291254395919,4.418591230942184,-27.01210267985402,-5.633909477286353,-37.71581416806704,6.262122558953706,-17.994039639256467,11.106148827833524,-33.317351638558875,15,0
310,310,1,15,472370,14,12,1147.5537336882546,718.9974481349665,-1.675462819936001,1.4806584726617302,-3.3403104121659912,4.027949125771329,-2.6834636737812616,4.394761395727073,-0.6185228292899865,4.5657461410298765,-3.3992409568500084,6.168836675252237,1.8780742961453143,1.6261446109759845,-2.2371013584584034,5.735379878221465,-0.12118882660752205,5.154237839179928,30,0
311,311,11,15,473010,4,0,373.4165079753072,1205.9683868538805,1.1226867239049056,0.2806901463877693,0.7819484473439502,3.851048404465701,2.1391953880684014,0.6865781260628411,3.8147918469208553,-7.378810072369332,6.039321068879076,-17.660013896751707,14.110571254631965,-45.58401291381233,1.934274550206453,-3.7963370389029487,5.484078165796063,-9.36457020640978,12,0
312,312,9,15,473520,42,41,1556.720644862298,1558.571408459319,-1.5897429860467582,-12.754686553541887,-6.422663754162159,-15.727602009807697,-3.1835448875658585,-18.450955936663608,13.165250099924377,-24.47130430378297,52.036681229571506,-43.317440612301425,90.2327795535125,-62.93338146892575,0.13175756219447976,-16.334939209449885,38.06272229374804,-31.19051180854285,34,0
313,313,19,15,472255,36,35,903.1288378560267,621.1146102807047,-51.355790276363,23.936231587544853,-65.48861860975454,29.766415440931496,-43.87528287151736,27.88011049601255,0.5621457179029221,2.5337716456810995,9.151234722885194,3.638022599381429,6.610323856385435,0.5743917169569386,-17.3463991968473,13.707891511168098,-2.3702014005301635,5.754647088149454,36,0
314,314,6,15,473533,7,5,1003.4610066638234,1568.2111085717183,0.12941769647045476,1.739274509194729,-34.95839129043202,4.641059159027692,-37.62799800683069,16.03622303898942,-5.573719364110502,18.317398532070683,-32.594639134236445,31.63744964656167,-4.528763765560711,31.005957117810112,-8.053098251513575,15.739354289169796,-3.4712733560621696,19.537570833046857,27,0
315,315,13,15,472523,9,8,1343.5641634899443,851.1357427604587,0.7351969179658226,0.2787793065507458,0.3725478226440373,0.0641167369667528,2.365645868830597,0.4874227077789328,-1.4818882485681115,-0.7728450797170581,2.2905082209297234,1.0321704710207769,4.0649852620554165,1.1956167912197773,1.1918759940513155,0.5388852221751677,3.2960019010172346,1.412290386145287,22,0
316,316,0,15,473047,11,0,912.05837035911,1245.5984005214107,0.2322847290108712,-0.3151783529608565,1.2483645553721772,-0.4127869816798011,3.4514340321529744,-1.6842336990109743,12.55699487768095,0.2080468276346892,21.85553284565435,-1.3917522031003955,28.526544708641485,0.3962762853111599,10.291639103772352,-1.4933356568687939,18.909011239945468,-0.830781191344613,1,0
317,317,19,15,471893,37,35,1273.3679185364372,395.35394766336236,-1.999481413812645,-1.6360770791202413,-7.582638041752943,-7.849221688869874,-24.55980079297774,-32.944298336203076,-12.557396904440113,-34.90582225051781,-6.9190336646956885,-25.900460038160816,-20.70788774544621,-78.04697514422044,-29.35928394207553,-52.53884744396555,5.221571912862147,-23.634590576584802,35,0
318,318,16,15,473053,30,28,1375.0406936025338,1251.9542783988734,-1.110830186551084,-13.047931158931306,-2.245162368921456,-23.00847714400561,-4.15925550147472,-38.68911412143302,-13.175392191834135,-63.0597000052751,-9.57052400014254,-70.42591305982933,-8.195199837395194,-66.90400527778593,-9.67727564248139,-54.342732605274925,-11.881436769111588,-80.02870817755502,46,0
319,319,16,15,473444,29,28,1371.6583793771013,1487.2840519073434,-1.3118751606825754,3.876310106410301,-1.0821404622740831,10.214912516202276,-4.420653616819892,19.13682041162224,-19.57407845974626,40.845569634443336,-27.905067136900925,40.08628770765768,-30.2381832835506,44.394786855883694,-12.584208659579875,28.484233663618173,-21.444997664925264,35.53317981893133,47,0
320,320,4,15,3134665,23,22,1254.7343080918795,1167.305052529383,-6.244946825892839,-4.163297883928408,-10.408244709821249,-10.40824470982102,-12.489893651785223,-18.73484047767761,-10.408244709821249,-18.73484047767761,-10.408244709821249,-18.73484047767761,-20.816489419642267,-43.714627781248055,-8.326595767857043,-8.326595767856816,-10.408244709821249,-14.571542593749427,39,0
321,321,13,15,472556,10,8,1382.90706623614,874.9836565916626,-0.1630548979883315,2.4298380485154207,-1.28425631216669,-0.2342039543481178,-0.9278033601171956,-2.1760071881476506,-1.146761772243735,-2.1440653753137444,-0.42567403556654426,-2.715737797949828,0.1834390221463309,1.980592779347489,-2.175699683945595,-2.452945259277953,-3.0238757262782205,-2.3390129517216565,23,0
322,322,4,15,472555,24,22,1069.4453542211918,875.4921184759047,1.0626745890242546,-2.9855746768264453,1.0626745890242546,-2.9855746768264453,1.0626745890242546,12.014537824017456,16.062787089867925,9.014515323848627,22.062832090205802,18.01458282435499,43.0629895913869,6.01449282368003,4.0626970891930805,3.0144703235110915,7.062719589361451,9.014515323848627,40,0
323,323,140,15,473726,49,0,68.0208015678059,1692.1777312389468,1.0042970718747457,-0.7901269968833731,-2.5827313284265467,-0.0004887829516064811,-1.5022203202997986,1.0119215380598234,-9.92755566243671,0.3243543184344162,-32.52053531580901,-9.66511239430497,-20.520445315134012,-9.66511239430497,-5.389260817504016,1.0556730828973286,-22.033297937810694,0.3491802247006035,42,0
324,324,6,16,510084,6,5,652.7199359505911,1429.867446966772,-0.3564378987372265,-0.4786470529584221,-0.2632445918925441,-0.5123505585236217,3.7007789886760087,0.5792001682716545,6.570240938175062,0.26035396714951275,24.03664825338069,14.520763003648884,73.47939410382548,34.426171019581034,8.002173519255052,-0.4931341579381297,12.781409333725266,5.58502615573002,29,0
325,325,11,16,509708,4,0,378.90058614110313,1196.6038166474707,0.05158181512098281,-5.597079278837782,0.5552429030830126,-8.295443690341926,6.135615417295128,-25.25016408123793,12.925210119433189,-50.286521452431096,13.528729241690993,-64.06047738126153,15.776011711131275,-87.99175592818733,8.6264930888359,-36.21944270740255,14.468802751343901,-59.24209211758147,12,0
326,326,4,16,3134267,23,22,1244.3260633820582,1152.7335099356335,0.0,-6.2449468258930665,0.0,-4.1632978839281805,-4.163297883928408,-16.65319153571363,-14.571542593749195,-37.469680955355436,-27.0614362455342,-58.286170374997255,-18.73484047767761,-37.469680955355436,-10.40824470982102,-29.143085187498627,-20.81648941964204,-52.04122354910487,39,0
327,327,1,16,508717,13,12,1275.732176619942,505.3557979895023,3.0758293818471434,-0.8416232842272962,-0.4775150141360882,-2.5138470570918234,-3.9350245856078345,-2.860001131719513,3.4908130093397176,-4.151182539325647,6.652895626921919,-13.297657870281794,24.466321870694397,-50.832486401362594,-0.6538383489196349,-2.5321503123740854,6.918685273505616,-9.613218018304224,31,0
328,328,19,16,508468,37,35,1278.589490449299,371.71935708677773,2.6339248230497105,3.752488977626741,-12.140605577557835,-2.2658694615760173,-27.65838149821275,-35.67881368371445,-32.01417401627009,-81.18652386166497,-13.265108833344355,-77.28334157789601,-21.724745827875036,-57.66630417003586,-25.929459658308357,-54.412384567635634,-18.22508330888081,-70.67933906488611,35,0
329,329,9,16,509364,43,41,1739.9792023098041,937.2077533578197,-1.1466587387421896,-4.8493648229128885,-1.9762544761435947,-11.094388259550328,-2.045630202578195,-14.928010856791047,-7.669766525321847,-31.682498338479377,-13.644265294401519,-38.88836237076964,-19.62287624296824,-43.112625009667795,-2.1785350024108543,-18.425902088041084,-9.81435198907866,-34.51864940680798,37,0
330,330,2,16,509499,16,0,1010.8055858207422,1037.0895666160707,11.758264990590193,3.6321685905681984,49.49531289588799,13.28686741913134,39.32764370842074,12.865837786127713,67.06065916347166,22.123624949628038,54.20240173916454,21.91837594349863,57.2715935614126,24.207958150971532,46.20823515039115,15.187686084051393,71.07854293896071,24.06821036429277,3,0
331,331,13,16,509254,9,8,1346.8601653909618,852.548033146604,0.8996038251541449,1.0493412544079774,-1.0054936800875112,-0.3801199151245101,0.8389327335637518,0.9918071346234,-0.962634329268667,-0.6457408365366746,-1.9414437102134343,-1.7119334878889276,-1.7018273841381415,-2.470404166714843,0.7689833610381811,-0.21667359492550986,-0.9154398439891338,-0.08134590577003564,22,0
332,332,10,16,920779,2,1,1508.5113138348538,683.5051262884471,-18.000135001012726,0.0,-18.000135001012726,0.0,0.0,-9.00006750050602,-36.00027000202522,-3.000022500168484,-63.00047250354396,-9.00006750050602,-81.00060750455624,-6.000045000337309,-36.00027000202522,-9.00006750050602,-42.000315002362406,-9.00006750050602,17,0
333,333,6,16,510284,7,5,999.9897333077612,1587.7486794047657,-11.318499220292892,0.8821189201337347,-29.12336577817427,12.099878813514804,-27.419108382290233,15.218095445409062,-26.82756077103363,21.32792981066109,5.716388525349089,6.946335109595567,-7.328371402081758,29.725224016404578,-1.0574904094985411,11.468386284763255,-21.7937232390882,19.64571743303827,27,0
334,334,23,16,508234,44,0,1144.4709812806275,233.50690775574745,-11.337284695688368,0.19942342169909466,-16.936075652859472,-1.0171920987298506,-18.966035157343182,-2.3090804028472576,-25.20849313034955,-25.916567833534288,-41.990983731266624,-20.913627621231825,-38.28586837271564,-18.549240970828635,-22.15693867905497,4.821651465718388,-35.216012503886994,-26.87994123167951,32,0
335,335,0,16,509770,11,0,930.9673815990552,1244.767619330066,1.7115242422944448,0.6626826364215503,2.946521605708881,-0.5609710117557825,4.134085353917499,0.4818460088426946,11.992821492711187,0.5154160861538912,8.311921111721517,0.8259713945758449,1.438323390510618,-1.7629500561452005,9.617533468696024,1.227057476655773,11.40786338445298,-0.2933482345090397,1,0
336,336,32,16,507999,54,0,539.0530161096614,98.77300527073574,0.0,0.0,0.0,0.0,0.0,0.0,0.0,0.0,0.0,0.0,0.0,0.0,0.0,0.0,0.0,0.0,48,0
337,337,13,16,509273,10,8,1379.8831905098618,872.6446436399409,1.9899323614981768,-0.08166539918113358,2.598201690711676,-0.3767248462281714,4.846865071974662,6.675727989079863,2.8360830411334064,0.7207685169088336,3.3385663304889017,-1.062603193979271,1.2380893459321671,0.5872723989612041,3.2073147484245514,4.319605731069147,2.955450321955368,-2.5167251879386185,23,0
338,338,140,16,510437,49,0,45.98750362999521,1692.5269114636474,-13.487259878167071,-19.01436011951182,-10.48723737799832,-10.014292619005573,-13.487259878167071,-4.014247618668152,1.5128526226766823,1.9857973816690448,24.13130840176457,16.198663705276886,4.512875122845436,16.985909882512487,1.5128526226766823,-10.014292619005573,39.83983430913623,11.385927084546664,42,0
339,339,3,16,508781,17,0,1610.7517106519574,532.6243435883714,-3.5094668495689803,1.0874645164509502,-5.39696468868874,2.2781564381785984,-9.990994002045227,9.18335413323132,-13.52903913268301,7.185705582983018,-3.2427184139960445,6.708651113041356,-11.86130789846834,9.359343232429977,-15.754328550822947,10.137560661631936,-6.281990734319607,7.228147575186199,4,0
340,340,14,16,510187,21,0,1100.671452375294,1517.3681806827703,-3.970046191088386,5.075253765645584,-6.687557596891337,6.305248958704853,-8.194734436669933,7.7853223120964685,-7.277087506376348,-9.941436622481886,-31.29777714071224,-26.398959109000543,-51.595358555463456,-37.748356780903116,-16.740058305119874,-4.398462529508151,-17.134168984396865,-17.99816495896971,15,0
341,341,4,16,921185,24,22,1076.5080738105532,884.5066337997534,24.00018000135037,0.0,15.000112500844352,9.000067500506361,24.00018000135037,3.000022500168825,36.000270002025445,15.0001125008439,48.00036000270029,6.000045000337764,45.00033750253169,9.000067500506361,36.000270002025445,-3.0000225001685976,39.000292502194036,18.000135001012495,40,0
342,342,16,16,510199,29,28,1350.213381712176,1522.8172317262747,-3.6928258715047377,2.8415206221757217,-6.4600694719756575,4.553107888726345,-9.61015260910267,11.457262425600906,-9.3305261201524,7.4850922208622706,-10.729938345226627,4.660663916872863,2.83453973711994,-0.6302664725997147,-8.79318561862533,8.861607036952364,-10.735541352159544,6.073357478252318,47,0
343,343,1,16,509043,14,12,1147.432544861647,724.1516859741464,-3.7108286633165335,2.8079837954529694,-3.2780521302424868,1.0145988360723095,-3.04304461124093,0.9931152074026386,0.9774387379782185,-3.582895669225877,-3.6527319933422864,0.5928160124755095,-12.351409460840161,3.6505240379868837,1.9992631227528364,-3.5280932282039434,-0.9444942917832576,-0.8820139185984317,30,0
344,344,16,16,509681,30,28,1363.1592568334222,1171.9255702213186,1.7060367811345714,11.616600653166184,2.3109127689690467,9.602795117725693,3.715841455605413,10.805687535111248,3.412334798510301,12.916849459129025,5.641649611141702,33.83848025519296,4.1149256760195385,53.228321326135756,3.686236931716394,13.124702899769087,3.9268853089188265,19.421511208536685,46,0
345,345,9,16,510205,42,41,1594.783367156046,1527.380896650776,4.568521152947369,-2.4459353064041807,13.973958935823472,-12.126928803758574,39.234921036499145,-21.97658137572307,64.90183879888103,-44.49201150654358,98.13209593216766,-73.58603201597862,120.53702164814035,-95.96662054804872,52.17005725976446,-31.74286966038289,84.14005072105351,-62.791648642780274,34,0
346,346,19,16,508922,36,35,900.7586364554968,626.8692573688544,21.784469466848694,-9.805074415928855,11.521436123415356,-2.116624488768025,3.25814145214406,-2.6636652740781983,5.6343692700020265,1.0452165101920627,14.41627216333245,-11.930270011536322,17.764769068663895,-15.48223414911183,8.980525256915598,-5.1802553711925166,12.637657256374723,-8.645834010532779,36,0
347,347,31,16,509306,53,0,81.10176447612021,902.1387554910381,-14.806315870846802,26.938591950991512,-6.431679985394268,13.179150731997881,-14.35935384876514,32.33068623616032,-21.43022328189816,44.14827509346912,-26.015424400296418,60.06716281204194,-27.07803321468477,66.21232904790998,-19.114515804070045,39.487426860287094,-20.62117451943591,47.88093003581025,45,0
348,348,19,17,536846,36,35,913.3962937118712,618.2234233583216,-0.4887301033287486,2.3987028644165767,1.7786149069577275,-3.2844360010035416,12.690665748119955,-13.403643736277106,-1.141260537754988,0.7891532541389097,3.1985844348697583,-3.692332119703452,23.15257905000613,-12.070287990306154,5.127111812289172,-6.8364001385790525,5.123800191344344,3.034142890747944,36,0
349,349,16,17,537614,30,28,1367.086142142341,1191.347081429855,0.3307701113119492,7.0635219683101695,1.7147643022228751,14.416969046656275,1.4319576513546508,29.73992444714077,2.9125740942308767,48.54989178665005,23.42045409028151,109.09898716670364,23.81225607580041,96.43202957109636,0.1880403671007116,33.80681011759907,15.035401819236768,76.93559563321037,46,0
350,350,14,17,538112,21,0,1083.537283390897,1499.3700157238004,-8.360822269048867,-2.4273014236489416,-14.163608156315375,-8.400794150030832,-23.104329510524174,-18.32919054368631,-45.6204826426515,-35.78088521122254,-58.97418750156089,-36.14003986234889,-51.33960871958379,-32.66748221095873,-34.461189571066605,-19.750191821933416,-53.08001261799245,-34.40089005249092,15,0
351,351,19,17,536321,37,35,1260.3644071404185,301.0400180218915,6.33791185730729,-2.1678762290350164,4.959974475536455,-6.6040025130099025,6.078812503265908,-5.285213828977078,-12.61706014769902,6.0818198047509195,-30.405477185816608,5.6131538015044375,-23.0120065409094,0.4770888269756029,-3.4996625189942283,13.01303489485025,-24.380956771822184,5.323919739249618,35,0
352,352,4,17,921221,24,22,1115.5083663127473,902.5067688007659,3.000022500168825,-9.000067500506132,9.000067500506248,-12.000090000674732,12.000090000675073,-9.000067500506132,6.000045000337651,-9.000067500506132,12.000090000675073,6.000045000337536,9.000067500506248,-9.000067500506132,6.000045000337651,-9.000067500506132,9.000067500506248,-6.000045000337424,40,0
353,353,6,17,538014,6,5,665.5013452843164,1435.4524731225022,6.792471322551362,4.548764078922659,11.255238919655426,8.935736847918859,37.45908157536008,20.24673611110529,88.03234598567883,32.164956823859484,136.1979354239728,37.47833108047098,152.09363992846943,57.192915158352655,60.69798477010022,28.841144863851014,113.15753479569536,34.95607373191524,29,0
354,354,1,17,536976,14,12,1146.488050569864,723.269672055548,-1.4115372406229199,1.0115614312652497,-2.708237701559028,1.4748299310739412,-6.102278131069398,2.94625791269732,-16.679550402025143,10.205839886690796,-25.93469749082692,30.38135002886725,-47.926876272230174,53.53873700321606,-11.406915169056902,4.532537956585315,-20.0945702710319,19.439548053223348,30,0
355,355,3,17,536727,17,0,1604.4697199176376,539.8524911635577,-1.6776281806203317,0.6632988730480065,3.039272320323562,-0.5194964621448435,-1.968952656918873,1.7042612911033077,-9.401416266116714,1.9329508334981256,-20.510325736934647,5.921017374798112,-21.5190280033396,11.826226894647677,-5.579317164148733,2.13119565724378,-18.315575763425386,9.178783131120213,4,0
356,356,9,17,537256,43,41,1730.1648503207255,902.6891039510117,-2.432867942228995,-1.0235513403488312,-3.8299133053228616,-4.3697129639616605,-5.354571932360614,-2.2105112651313448,-9.798483994735989,-7.217498473097407,-13.982324106855913,-8.643429872309298,-11.416804540772546,-7.026169882947558,-9.808524253889573,-8.593975602859812,-9.502825412222363,-4.7617878038244035,37,0
357,357,16,17,538154,29,28,1339.4778403600164,1528.890589204527,-0.5077682682992872,-1.4771784887984722,0.005603006932915378,-1.4126935613794558,4.855938287267236,-6.46058388479787,29.999950256979453,-13.138679095796759,48.381555943953344,-29.110856110717354,65.92317595454006,-39.19775882108411,13.570081089279485,-6.703623950852034,39.02709930303696,-18.198247911934914,47,0
358,358,6,17,538278,7,5,978.196010068673,1607.3943968378037,0.8419724945899816,-1.3875883187320142,27.510111764437283,-12.699382323442705,6.423085877817812,6.549524215107795,22.65720293672905,12.140853668780437,42.1847731568397,15.71433288003027,54.95251885562414,17.599611880694738,14.465351837006438,10.07950658336631,29.85132914394171,19.56110625430961,27,0
359,359,140,17,538424,49,0,85.82733793913144,1703.912838548194,-1.1360337505198999,2.1995369598782872,-15.708525907371651,4.8127366207302185,-38.32698168645955,8.600005298134647,-35.32695918629078,11.600027798303929,-17.326824185278284,-6.400107202708568,-20.32684668544705,2.5999602977972245,-35.32695918629078,5.599982797965822,-29.32691418595329,5.599982797965822,42,0
360,360,9,17,538057,42,41,1678.9234178770996,1464.5892480079956,6.507208656776812,-5.420076212267759,13.992045211114144,-10.794383373198345,27.38104976299428,-23.91918839895629,57.604887158765905,-63.735247097466065,56.7365763358057,-50.69775156633818,64.3591419673005,-53.86583757808421,36.39697092708685,-33.17497190526842,63.80337674759176,-65.61262875961052,34,0
361,361,1,17,536650,13,12,1282.6508618934477,495.7425799711981,-1.1915082828393224,0.7377080316925344,-0.2657896465836984,-3.684439851977572,14.583273350217723,-18.291238688932935,3.708203456814545,-45.409221247850674,-4.9459043623235175,-54.033673038211184,-10.16191525649674,-52.4155639625434,17.547636597188784,-41.219268383058356,0.5379635343258542,-47.662917504799175,31,0
362,362,11,17,537546,4,0,393.36938889244703,1137.3617245298892,-1.5325170308223617,-4.5539055696724535,-0.9400735096529048,-4.818385263680057,-1.2976280989811355,-19.396700313527845,5.110961759731652,-51.60810023709018,7.564116195541715,-107.82687452731555,20.951859967809238,-173.56170539936127,1.3072089597873742,-28.74966381060585,7.217429340946977,-76.79504906089802,12,0
363,363,23,17,536128,44,0,1109.2549687767407,206.626966524068,-4.500396428317799,1.7925434502228654,-6.774971227379638,5.966313610447685,-5.455267884970682,4.655385122566315,6.599408804623183,40.38963921830117,3.3694510439074747,36.730472343268815,-3.6864714886232814,46.13130019079004,-3.069855868828654,8.330700260850875,6.504108583914332,39.56042659967312,32,0
364,364,0,17,537689,11,0,942.3752449835083,1244.474271095557,-1.177955292654474,-0.8132048938684875,-3.0959422727314627,1.1193196290848846,-9.459822944440019,-1.1249507067843751,-4.892859256837141,-2.619142462222726,-5.649450417892126,-0.44205914128724544,-10.77073370979201,-2.1720331853234707,-9.969539993942364,-1.4696018216361608,-6.375867919997063,-0.2370815759545621,1,0
365,365,13,17,537179,9,8,1345.944725546973,852.4666872408342,1.8093014318144467,0.8311701694382236,-1.0260038662243005,-1.6305875821188918,-0.5236512437788859,0.059461741752784285,0.8655495696280013,-1.1630181936454846,-0.4438781774636027,0.6252193390777165,0.3263718031917051,0.5608650201139653,-0.7863875401490077,-2.3890582609448074,1.3712953631179516,-0.2364867439847557,22,0
366,366,34,17,535903,56,0,694.1328239543753,85.28304138246995,66.03683076216487,64.96235827762102,122.75674561633787,89.87861862514983,116.77412086773882,106.38363292364753,95.3025410931318,180.6356301812253,42.281747084416,260.09832456948504,162.11399132674862,104.3306321127158,86.07834086408127,157.4932953389779,35.03622000672192,332.72336970541403,49,0
367,367,2,17,537448,16,0,1081.8841287597031,1061.1577769803637,-6.9874171971716805,-0.6736674076946656,-16.876141199796162,-2.14983442079415,-9.019533109047645,0.8810814964908786,-44.990151390484236,-9.586158460383556,-79.35588755736491,-16.43460574708547,-58.6883085620691,-8.229636376713188,-13.806949377548108,0.13974778667875398,-84.87665120362145,-19.14996192175068,3,0
368,368,10,17,920809,2,1,1466.5109988324914,674.5050587879409,0.0,0.0,-21.000157501181548,0.0,-24.00018000135037,6.000045000337536,-45.00033750253169,-3.0000225001685976,-57.00042750320654,12.00009000067496,-66.00049500371279,6.000045000337536,-39.000292502193815,3.000022500168712,-42.000315002363095,12.00009000067496,17,0
369,369,31,17,537316,53,0,60.48058995668429,950.0196855268484,-1.9997543861716096,4.39134780139284,-5.394249880860507,12.186232776231687,-4.6438302343396245,12.385345233838393,-12.468379906766527,31.00607025745285,-9.92427151996845,31.087341222899795,-8.157133149250393,38.606422273251724,-6.456858695248855,18.331399012099727,-10.175092653464802,31.76195005670491,45,0
370,370,13,17,537210,10,8,1382.8386408318177,870.1279184520023,-2.4106676317724123,0.10521309849252702,0.3831160085335341,1.4541219939593475,-1.2759087622200695,-0.6606188803920077,0.5263204332673013,3.6868384188752543,-1.8768031273270929,6.428445280099822,-4.122584585292317,1.1338747016484376,-1.7173609760232011,3.1039975868998217,-2.069145955041904,2.819448897245365,23,0
371,371,4,17,3134297,23,22,1223.5095739624162,1100.6922863865286,-4.163297883928408,-6.244946825892384,-6.244946825892158,-6.244946825892384,-2.0816489419639765,2.081648941964204,6.244946825892839,22.89813836160625,6.244946825892839,14.571542593749427,-2.0816489419639765,12.489893651785223,2.081648941964432,14.571542593749427,6.244946825892839,22.89813836160625,39,0
372,372,2,18,570505,16,0,997.0074775560814,1042.0078150586128,3.998153482788212,0.9606606759243732,5.520763646256569,2.715356174665203,-3.327731928542676,2.605350333620663,27.686672978150806,15.062259765698625,46.05959023983871,24.503649090310546,48.92750183281136,27.36098410120371,26.18834264155237,10.920325545037484,38.73423679788459,20.23470744480733,3,0
373,373,9,18,571017,42,41,1742.7267946246914,1398.976619248385,-7.482340339295206,12.96581705466042,-7.066800411786063,14.914877193272336,2.785645572905196,-0.3773432987106844,9.089189899199027,-3.346034848663521,5.47780496176847,16.50180727990141,11.55490192015327,18.71507684864061,0.5557652197087464,11.746791181526305,7.277502276041787,12.890311792769351,34,0
374,374,13,18,570252,9,8,1347.3160209100904,852.2302004968492,-0.4487264870767831,1.7991023424533523,-1.8151735405815543,0.8617060830624723,-1.0957169410980896,1.3039394757630591,-0.6230812755584338,1.9968869118023351,-1.3512868507727944,1.6808687031028742,-0.5872366103569675,1.3293743032136265,-1.0449235599262463,0.7973517640987211,1.1350714423581394,2.8325443536499506,22,0
375,375,23,18,569372,44,0,1115.759077360655,246.18739312374103,-1.8893968098277585,-1.0241546617370432,-3.1346575400068564,-2.8299542564043065,-1.3769129702950522,-2.108108739555604,-10.880263567034037,19.993446384715355,-12.679139964446447,30.373673399898337,-10.610840190716774,46.35515044886222,-10.190580072537612,6.570873591116907,-12.631273232428384,28.61653571403081,32,0
376,376,10,18,920856,2,1,1424.5106838301285,686.5051487886159,-3.0000225001685976,9.000067500506361,-15.000112500843446,0.0,-18.000135001011813,0.0,-21.00015750118064,-6.000045000337424,-27.000202501518515,9.000067500506361,-36.000270002024756,-3.0000225001689387,-24.000180001349694,-6.000045000337424,-27.000202501518515,-9.000067500506248,17,0
377,377,11,18,570527,4,0,400.586818233394,1060.5666754689912,0.3657144940262356,-14.359000024931676,0.3466868545947364,-31.031825466417562,6.434361735024254,-62.527204921643495,15.593977859831512,-113.41739112378721,20.382149925155147,-133.0701133975034,24.91637304054052,-131.05970416670664,13.734430626862268,-96.76665633846324,17.078464793982338,-122.16651945801084,12,0
378,378,34,18,569616,56,0,729.1690439610973,418.0064110878839,9.634294828076007,-12.704676516334873,7.245527077694078,-72.62504513592899,37.21377277476449,-187.21220337036755,134.19871415572152,-159.522284217711,86.51991773838837,-139.3472526013417,168.9810261085486,33.05793389531959,127.07777132002673,-228.39273759269818,100.29169131976423,-144.2823148085921,49,0
379,379,35,18,563094,57,0,599.5973390175673,23.43056075686556,15.768987359439508,3.5277679653141654,13.165813434510484,7.401332331003715,33.24742324732142,18.824470170541087,126.46740546361002,109.5302699063916,85.73875869999677,75.08390796864279,108.43150057551384,83.01395761083094,104.54584596724249,54.859161247496424,87.94817348400909,83.44644147656355,50,0
380,380,13,18,570280,10,8,1380.7694948767753,872.9473673492478,-0.962895403501534,2.9470913966296166,0.19234282771481048,3.608996382854457,-1.232769904917859,-2.599905997294627,-1.92641331826394,0.2382712097299873,-5.19645894074597,-0.8763306953743495,-0.08117286128958767,1.926110444981305,-2.053438630250412,-1.6855741955969283,-1.2587002048071554,-9.440610408874363,23,0
381,381,31,18,570426,53,0,50.3054973032195,981.7816355835533,0.42007452529898615,-3.855504763895397,0.25082113349635193,-0.6746088338051095,6.127439697531884,-10.59117737905592,7.9879465182566065,-15.866459406768172,6.9305634209488165,-11.847671342239435,-1.4404417554444038,9.1056829759151,2.01795950421441,6.844472216546817,6.202046565700583,-6.865130678242282,45,0
382,382,0,18,570815,11,0,935.9993770635112,1244.2371895196025,0.2283071330209623,-1.7703424306496345,0.7264175021049368,-0.2049775653326833,-2.373100270402233,-0.5905062021220147,-5.1339820523039625,1.2363644565145933,-8.801002294213959,-0.4365455746872158,-9.418888931340463,-3.2928335636020165,-4.394865789794949,-1.9349516093689088,-7.1286572150921765,-0.5544081378288865,1,0
383,383,4,18,921266,24,22,1124.5084338132535,896.5067238004285,18.000135001012726,0.0,3.000022500168825,12.00009000067496,6.000045000337424,-3.000022500168712,0.0,-3.000022500168712,0.0,0.0,9.000067500506248,-3.000022500168712,0.0,-3.000022500168712,3.0000225001688254,12.00009000067496,40,0
384,384,16,18,571189,29,28,1378.5049396630536,1510.692341292592,3.880826125166096,-4.233219712845539,9.354456640916396,-10.912608198782435,20.32129594739422,-16.724091022223547,34.67393127543551,-25.72627246625893,54.42905987599079,-44.47466053110406,60.41828918757938,-48.33632246121897,26.896076651503108,-20.999510909149198,47.15525883040573,-37.17672640155706,47,0
385,385,9,18,570305,43,41,1720.662024908503,897.9273161471872,-3.7304952609677007,-5.04380284368051,-4.479498694633548,-3.8816420684848936,-1.8728586331924362,-1.0586306890578498,-3.6257031864040528,-0.3185692859755136,-3.5638440184375213,-1.4256434059577714,-7.0901519921544605,-6.5416744429321625,-1.9139791285501813,-2.264382079123152,-3.599019259141187,-1.4695609384260706,37,0
386,386,19,18,569925,36,35,918.5200939032156,621.2575662490696,-8.562908355736113,-1.8266400284595647,-1.9252157564745849,-6.726475010451393,16.98049168790999,-11.792895458057725,27.73972304669451,-14.884581150429995,102.1443724701944,-39.13329280248252,132.73121185410628,-56.206863722130834,18.02877885866178,-15.104430881054098,57.77210271293984,-25.4697377366632,36,0
387,387,16,18,570843,30,28,1382.1215439615778,1268.2826770630654,7.475474382536504,33.523261031719585,8.385052271044742,32.16339153349327,9.825142101396978,28.01022938389383,10.238027507989726,15.872899261655448,8.649988563856823,-21.486022784798703,-1.0651555873164398,-45.18791599707652,8.776854256563638,19.496433937885968,8.941505709267403,-3.500222866812692,46,0
388,388,4,18,3134328,23,22,1229.754520788309,1123.5904247481349,2.081648941964204,0.0,0.0,-8.326595767856816,-2.081648941964432,-4.163297883928408,-10.408244709821249,-20.81648941964204,-8.326595767856816,-14.571542593749427,-2.081648941964432,-12.489893651784994,-8.326595767856816,-10.40824470982102,-10.408244709821249,-22.89813836160625,39,0
389,389,1,18,569681,13,12,1283.1888254277735,448.0796624663989,-0.19184509576371056,-3.4512289325976435,-5.483867896649373,-6.370755533412023,-7.806695018121902,-3.4524549775582045,-13.167483281665227,2.460367768916626,-6.588738885399607,21.52208073869264,-21.219861485254114,36.405509463149365,-10.699878790822595,-4.75264645774422,-9.112066169152056,12.25781444029036,31,0
390,390,6,18,571372,7,5,1008.0473392126147,1626.955503092113,3.0096305936812087,-0.8738056847673761,12.333444012897985,-3.846773374279337,17.974243357772025,-0.3301680472611679,21.76595946511145,-0.14972394820301815,32.94316998133297,-0.2400630990184709,28.897801766477297,11.577665556000511,25.101189711682423,-1.9614943736148691,26.554272372422126,-4.066198283488801,27,0
391,391,6,18,571118,6,5,778.6588800800117,1470.4085468544172,9.778686152107412,-0.4856560450671168,23.04040062827744,2.5222573485557405,34.010857201642125,10.23624392114948,44.902009140200455,33.47789595567451,68.6471373063531,55.62664468267052,118.1574983090627,91.93442857877085,38.93610513277406,22.236841426437426,71.58982004545283,52.9699785603766,29,0
392,392,140,18,922853,49,0,56.50042375317815,1709.51282134616,0.0,-15.000112500843446,12.000090000675009,-12.00009000067439,6.000045000337495,-12.00009000067439,18.00013500101253,6.000045000338105,-6.000045000337501,9.000067500506702,3.000022500168761,12.000090000675302,9.00006750050624,-3.0000225001685976,12.000090000675009,-3.0000225001685976,42,0
393,393,14,18,571109,21,0,1030.4572707729046,1464.9691256713095,-5.201430381574028,-2.105555733489382,-5.894174883568437,-1.7391498098579632,2.474185442709995,2.3107871765216714,10.842921771631836,5.1223105106601,31.800292512290753,32.976912711579644,26.1423508422763,42.771541296552186,1.7404038984086585,1.7334078415321983,21.20049015465338,17.25236211829906,15,0
394,394,3,18,569851,17,0,1586.1541441542126,549.0312742946778,-2.057886990088946,-1.118717225572368,-2.1947499735092606,-3.2577657563221014,-3.886956909266246,1.2683858854323944,-5.320867114490966,4.060492867290463,-6.878509973801783,2.686878694006281,-7.017407798948625,-1.8632743952689448,-3.2034522399142134,2.6474437635274626,-5.953758835808003,2.0587075162821966,4,0
395,395,19,18,569470,37,35,1235.983450368596,306.3639377611412,-2.333385484615519,4.176984469983212,-6.024520413994424,0.2892340622548204,9.682164785262103,10.988609808620822,-1.0673102423577348,-27.814209414079986,3.19572974055086,-5.981632916488253,2.81524958490536,6.779009673072039,1.3689502309127874,-4.8468309122740125,-7.17995736504804,-41.83219570905834,35,0
396,396,1,18,570111,14,12,1126.3934802988322,742.7092201087712,-4.569554107489921,6.343798472055028,-5.840127219795022,10.9418019756439,-25.385222736900463,28.29656243459772,-37.05069417976893,42.31484542079056,-27.923861606334185,36.76061783457385,-33.44944908504704,39.67677342937032,-27.832306001198287,34.09918894999271,-27.98331177260275,38.126297413763844,30,0
397,397,140,19,922883,49,0,68.50051375385316,1706.5127988459913,-3.000022500168768,0.0,-18.000135001012513,12.000090000675302,-3.000022500168768,6.000045000337424,-30.00022500168751,0.0,-33.000247501856265,-9.000067500505793,-33.000247501856265,-15.00011250084367,-9.000067500506248,15.0001125008439,-24.00018000135001,3.0000225001685976,42,0
398,398,14,19,589211,21,0,1051.657760927558,1482.2214877896088,-1.4176810210785789,-2.156618761938489,10.599802357637373,15.724550593280584,6.702577843220753,18.59815012626882,12.56279336898092,34.62012414214519,-8.19523001204675,18.52353839274315,-7.441633520934374,10.7276001642781,4.9418606876229205,25.519179178253125,13.541720475049493,28.15378335965169,15,0
399,399,16,19,589200,29,28,1425.6601984934591,1473.5156148910348,5.035765733459812,-4.8267402762817255,7.27380104558506,-7.297934129547004,10.24693222924543,-8.173217275221532,11.563175449030494,-9.377582492031934,16.308648785878177,-13.695775783130102,21.040288674648988,-16.841345123437804,13.263030357173648,-11.159596059661908,18.730587819612765,-12.430916552263625,47,0
400,400,3,19,587922,17,0,1580.2003853184042,551.0899818109599,-4.560592677554721,2.6235218206492164,-0.9247511379937804,0.6281711777240844,1.2510029115958332,-2.149815708113465,-2.74218802884684,-6.092073033791054,-16.18680988541132,0.3792123093463715,-10.633461599963994,-3.2389671672510763,-1.063648963140622,-3.921981911551143,-8.229863095138397,-2.8272805659502183,4,0
401,401,1,19,587796,13,12,1274.0767592586215,460.3374769066893,0.07642927060646798,7.4057148848593215,2.5233272837524514,9.264266298402275,-4.218292516404745,14.24337537865796,-15.428157417888546,38.1703312570848,-16.214437149348214,52.23040576096866,-10.434487828226793,34.53051264618728,-12.107795316102054,24.14769502285901,-16.884061085127996,49.553193142627535,31,0
402,402,11,19,588462,4,0,417.6652830273764,938.4001560109804,1.2259808137135906,-7.541358560340086,3.3036851311728133,-10.903593939492566,13.837953246895726,0.10688279181078997,7.837908246558187,-11.893207208864396,4.837885746389475,-20.893274709370534,1.8378632462207063,-5.893162208526863,7.837908246558187,-8.893184708695799,16.83797574706449,-26.89331970970818,12,0
403,403,34,19,587450,56,0,829.4607352808615,273.7240962792918,-12.826822310038438,8.210121206293763,-13.771773581375895,4.935062207250438,128.75999662236973,104.42132174921413,42.464806988260534,152.39557072534217,-8.633977771476793,109.92800803307449,-36.000592942208534,73.87860716050943,68.68933478878432,177.3402487039117,15.966492206222027,124.63282040694844,49,0
404,404,23,19,587453,44,0,1103.1278041282267,274.80392883777193,0.1673302073763807,2.57333332050996,-0.0478667320180648,1.7571376858675194,3.2137943398365683,15.525681349125705,-1.8762926261872508,22.41842481955468,9.199172442325562,33.98020662670126,21.847835221865353,70.46372247075216,2.0204330417116125,17.738614734831398,4.833054182202659,23.08542999653031,32,0
405,405,6,19,589245,6,5,850.2487001254648,1523.3785254147938,4.268607229019608,6.4387686488105365,-2.942682739099723,2.6566661222939274,31.17349761757202,29.690662410529733,48.967088152637864,33.74012831900836,50.482769646466636,33.404436473942496,90.94368434987578,29.39090289576529,46.567678263609885,38.96445001839425,50.21065712490099,33.67239896625756,29,0
406,406,35,19,587184,57,0,687.5455125015764,106.87700223342912,-5.256723316778674,-7.913640360591612,-2.209414784012324,-8.362533507920759,-7.109460006895688,-13.312920392854195,57.84653140986325,61.5957896458181,141.35379953991128,120.53956683987808,101.82406055441879,151.86313347133918,20.483327091504744,-0.4324838657326069,118.72622691530272,134.24592169461872,50,0
407,407,10,19,920886,2,1,1397.5104813286096,677.5050812881096,0.0,12.000090000675073,0.0,18.00013500101261,0.0,12.000090000675073,-6.000045000337195,18.00013500101261,0.0,18.00013500101261,3.000022500168825,9.000067500506248,-9.000067500506248,6.000045000337309,0.0,0.0,17,0
408,408,4,19,3134358,23,22,1219.3462760784878,1100.6922863865286,6.244946825892839,8.326595767856816,2.081648941964432,8.326595767856816,2.081648941964432,8.326595767856816,6.244946825892839,10.408244709821249,6.244946825892839,20.81648941964204,6.244946825892839,20.81648941964204,8.326595767856816,10.408244709821249,10.408244709821249,20.81648941964204,39,0
409,409,19,19,587444,37,35,1228.803493003548,264.53174205208285,1.2816333891664726,12.975880410977256,10.3756871055989,35.850562792570095,10.220103516942343,42.2751325335289,35.86633893112729,83.67160032927279,43.28872393064511,104.030543196622,15.873955190452536,31.200219653552214,9.995206949953399,48.61120538213039,53.748354696476575,115.40866937034114,35,0
410,410,19,19,587978,36,35,976.2921966161557,595.7878285124062,13.59467167663388,0.3304924048086377,44.37226975725457,-13.663555065819313,48.326871777758704,-10.865646650172607,203.51628475281842,-118.02795171514305,260.92893090192706,-151.95973285412782,300.9186935846269,-178.8644353958964,74.95910914116644,-30.737125985467628,202.67584923091246,-111.93136583728516,36,0
411,411,13,19,588362,9,8,1348.4510923524488,855.0627448504991,-1.8710740935478043,-1.7177323367942563,-2.486358293130934,-1.1516756505470769,-1.6399652720865558,-1.3835416229526345,-1.7928991137207504,-0.5252298057640701,-0.2332324966346277,-0.9547849977034276,1.119889575468051,-0.3710106204571275,-1.722308052715107,-1.5031700504363243,-0.1204979222015936,-2.2429340512336458,22,0
412,412,16,19,588874,30,28,1391.0630496708457,1264.7824541962527,1.186288235667007,-6.683234549425151,-0.2915171454105803,-17.985799917986018,-7.331096603669039,-26.78611515627608,-12.406132084578758,-48.008196758008566,-13.930615556916564,-55.577564428728685,-27.03163025123308,-89.88256105150867,-10.006661296583843,-41.68769313026383,-10.603555956229002,-50.90924303584779,46,0
413,413,0,19,588864,11,0,928.8707198484192,1243.6827813817736,-2.343067673620567,-1.2778086550792978,-1.6723450791217829,0.11786256314167075,-3.870346591826433,0.05596136532858509,-6.395984473483281,-2.7219552987940006,-2.3426076077972766,-1.6688108036405538,-1.2305078239066916,-0.9469685401218156,-2.290231716248286,-2.73842542577313,-3.610254700405108,-3.0810214777302463,1,0
414,414,2,19,588613,16,0,1035.741714353966,1062.2425225034199,4.094383519436178,2.7180769601752672,7.325353441954122,4.268941645503219,9.074646134970862,5.166743749000261,12.596900973811671,7.769969063278722,7.364341690539504,4.331105373491255,-3.1731054897572903,1.6701974090942713,10.193265034926752,7.126276656396384,8.341215347285697,5.679651181660803,3,0
415,415,9,19,589125,42,41,1750.0042969007336,1411.8669310411544,-2.5792882429975634,2.1715822245005256,-1.7996973142733168,3.6114954871320606,6.007447602955152,1.9175493236120928,1.5939694519574914,9.02219819797665,8.771864319655831,7.270918343268704,17.401450237233806,3.6510087393880895,4.277399644111483,5.8247650558712385,7.380333845496581,10.263864747560092,34,0
416,416,31,19,588509,53,0,56.50754386892008,974.916504905311,-3.07318503887938,12.407224108519245,0.7285168552482304,-4.982540663997156,-4.9219487229164045,16.023366360448904,-8.791378336830064,-2.7524821273027555,-11.551477170742546,-3.856802564657073,-10.457465412994297,1.889562058675665,-7.642488321144987,15.970813654157386,-8.693642392712109,-0.2547394580707305,45,0
417,417,4,19,921307,24,22,1127.5084563134226,908.5068138011037,-9.000067500506248,-6.000045000337536,-3.000022500168825,-12.00009000067496,6.000045000337424,3.000022500168712,0.0,-9.000067500506132,-3.000022500168825,-12.00009000067496,-9.000067500506248,-18.000135001012264,6.000045000337424,-15.00011250084367,9.000067500506248,-3.0000225001688254,40,0
418,418,13,19,3141491,10,8,1379.5107946719681,863.5067569403732,-0.02211992591605849,10.538118431141015,-3.9377587359388144,8.564279713500014,-0.489121707870936,8.98162268135593,2.9995741557979727,5.999764358536482,5.999596655966798,14.999831859042615,17.999686656641646,8.999786858705079,1.1775273435175675,11.366720853855668,14.999664156473045,14.999831859042615,23,0
419,419,1,19,588268,14,12,1098.4101685262294,780.8355175225353,0.8123700246005683,-1.3629099571625147,0.05945016626856159,-1.3656795791899867,2.6633861576376603,-1.8791651558840383,0.892123922245446,-2.853385901800152,-8.15362520162057,1.4464383409545007,-7.428950061093245,-1.1456274240883886,-5.466137312444289,1.5504760156064776,-0.02547828698152444,-1.5759610431815645,30,0
420,420,9,19,588415,43,41,1717.063005649362,896.457755208761,-1.8031694240676188,-1.937036049692665,0.035175240703665615,0.04391753246829922,-1.1651883639344758,-2.9188524074056663,-6.649154076455942,-8.971771600206807,-7.581003225481481,-11.043976511323647,-6.111717754583425,-11.640833703190653,-3.491132733013273,-5.072113504506092,-5.132183518339389,-8.227805443743591,37,0
421,421,6,19,589430,7,5,1034.6016115850368,1622.8893048086245,2.8822032983446206,0.4177179058283401,6.388897608910838,3.8261351844703313,4.110643462777944,6.787835188170675,9.506265266826633,31.422431807836798,32.929248738125814,50.3358163213793,64.52179439619772,81.91211136006086,2.343529394055168,15.643863839489311,25.73650516857492,29.551682226401912,27,0
422,422,1,20,627208,14,12,1098.3846902392481,779.2595564793536,-4.585167140448674,1.5277408340699594,-8.128146914639046,3.022399384136065,-7.928771597379409,1.1948607553152897,-4.1627167522638056,-2.2550711855908503,-6.875929923616012,0.2763810885935527,-14.241619397642353,8.824230443686249,-7.403471774111723,0.4303336190931759,-4.683240050284212,-2.9577257697510504,30,0
423,423,34,20,626698,56,0,845.4272274870834,398.35691668624025,-19.007052801863786,1.614480269719763,-24.600469977698822,-14.70481237387395,-43.471596394101645,-31.839620975978328,-79.32631555186526,-69.57534204016923,-77.0136260923008,-29.480057430206383,47.16249735395718,-73.55061474813812,-51.96708514843057,-50.75421324643901,-88.14403304217943,-61.28625504686573,49,0
424,424,35,20,626442,57,0,806.2717394168791,241.12292392804773,16.94130776091481,-6.0755518131184925,22.62757262460855,-13.706354854740596,7.3060588574946905,-4.578714387832548,-45.49379308792141,25.673994707029863,-88.16829233263094,75.18001455109652,-85.74779263340565,54.670185723862346,-16.90216636088394,17.617211776720524,-103.76895109092266,76.63513679351024,50,0
425,425,9,20,627340,43,41,1711.9308221310228,888.2299497650174,-2.225992178289744,-1.0983976811901357,-2.4488197071420927,-2.8161710675800578,-2.5756528225044804,-1.7249771245360537,-0.4625356080546226,-6.4303253181460605,-2.741509777364854,-9.203350580944175,-7.935078175013134,-18.00880667452986,-0.9795342362440352,-3.41302825944706,-2.940621839939695,-10.502332469835435,37,0
426,426,13,20,921353,10,8,1394.5104588284412,878.5065887994159,-15.00011250084367,-9.000067500506132,-9.000067500506248,0.0,-9.000067500506248,-3.000022500168712,-6.000045000337651,3.0000225001689387,-3.0000225001685976,0.0,-3.0000225001685976,-6.000045000337536,3.0000225001685976,-6.000045000337536,-9.000067500506248,-9.000067500506132,23,0
427,427,4,20,921350,24,22,1136.5085238139286,905.5067913009348,-18.000135001012495,-9.000067500506132,-12.000090000675073,-9.000067500506132,-6.000045000337651,-6.000045000337309,-9.000067500506248,-9.000067500506132,-18.000135001012495,-9.000067500506132,-18.000135001012495,9.000067500506361,-18.000135001012495,-15.000112500843446,-15.00011250084367,-3.000022500168712,40,0
428,428,4,20,3134388,23,22,1229.754520788309,1121.508775806171,-2.081648941964432,-2.081648941964204,-4.163297883928408,0.0,-4.163297883928408,6.244946825892612,-4.163297883928408,4.1632978839281805,-4.163297883928408,-2.081648941964204,-14.571542593749195,-18.734840477677835,-4.163297883928408,0.0,-4.163297883928408,4.1632978839281805,39,0
429,429,19,20,626836,36,35,1178.968045847068,483.8564626751212,42.72824364082749,-28.229543628562798,58.25308167101456,-40.028367016842644,73.81202783408048,-50.41840511092346,81.82402086497176,-77.2529729863042,84.08390485419613,-98.17346778473132,77.06714599504153,-127.16364483769064,98.24284435371445,-66.93306955861124,77.78872506477728,-88.3935722137038,36,0
430,430,1,20,626853,13,12,1257.1926981734935,509.8906700493168,1.1150078029866108,4.414559720880503,0.6696239357797822,2.677212618341116,-6.364710686179024,-4.015896859975271,4.429442465565899,-33.54476677121897,4.403283624857068,-39.412494685207385,-3.090785775211544,-50.66383888620635,6.4495732569012025,-15.022680496440273,3.765291948425556,-40.87456692267921,31,0
431,431,16,20,627750,30,28,1380.4594937146164,1213.873211160405,-4.127151175736117,-2.2127267123717047,-3.327059600687562,-4.668321392880899,-7.850956715347365,-13.752661812573931,-54.22179269357707,-132.5213237111682,-72.6326379699542,-185.2033632558457,-77.27523709139881,-197.7207372623081,-16.42807429500408,-38.97331801566088,-61.12295664796625,-156.49403397537912,46,0
432,432,140,20,922913,49,0,44.500333752503145,1709.51282134616,-3.0000225001687477,-3.0000225001685976,-9.000067500506256,-12.00009000067439,-18.000135001012513,-12.00009000067439,-9.000067500506256,-12.00009000067439,-18.000135001012513,3.000022500168825,0.0,0.0,-9.000067500506256,-18.000135001012264,0.0,-3.0000225001685976,42,0
433,433,6,20,628286,6,5,900.4593572503654,1557.0509243810513,0.9869054718139978,2.8166089777412253,0.2721125215656457,-0.2679624923150641,16.36343230075647,0.09353843662142937,88.62719827906427,-9.06254764926689,87.86024288838973,-18.73455329636863,101.50253341195356,-13.187579823527589,40.733027224974755,-4.281496070492267,85.15708799879643,-17.60686975868657,29,0
434,434,16,20,628151,29,28,1444.3907863130719,1461.0846983387714,0.4091584714037708,-2.6361145196497087,-2.4219390337345885,-1.2648592308664774,-4.3177404550726814,-0.3000871635770181,4.450531582176836,-4.3003707859063525,14.833502283615415,-14.83632510255802,22.86725301955812,-17.9404959322203,2.309700855036226,-4.41042857117418,7.185570946806822,-7.757568879982272,47,0
435,435,6,20,628407,7,5,1060.3381167536118,1652.4409870350262,0.08177419178264245,10.124717914558005,7.192743569550885,20.78413409497739,25.18191048702011,23.26938576135921,37.027882659487204,28.162715252361522,46.05075131019817,28.36208436036213,79.83234490694213,79.0381829630403,38.7852892276228,52.36042913365896,39.09442538148551,31.15168307669569,27,0
436,436,0,20,627791,11,0,925.2604651480141,1240.6017599040433,-0.20160537467256745,0.6753078494439251,1.2676470926078311,1.4122106740896925,1.3670517904140524,1.6628302797223569,2.9868295785225882,1.0361505948690135,-2.6668682891806843,1.2136055214857606,-2.1706401259805257,-0.07900848584813502,2.379746876498416,2.1340529376084305,-4.330511092745154,-0.1461590929554859,1,0
437,437,23,20,626523,44,0,1107.9608583104293,297.8893588343022,0.9473867133406202,3.599266600229272,4.366118260122904,10.894776630170954,9.24626087710385,26.32301838433176,21.1121504908972,70.05402427991021,1.3152379916029986,102.29931730111672,-13.929351826554694,130.11212320100142,17.014781039662694,47.37829247422184,7.316381876303012,91.55612170887446,32,0
438,438,3,20,626911,17,0,1571.9705222232658,548.2627012450098,-5.626117118145204,3.3888456743425195,-7.956946790272923,3.2064928752965898,-10.580057693290657,3.166416048504857,6.121617427601451,3.031977571232801,15.76012976112952,15.638996922332124,22.63949274953734,21.908044217128353,-2.4035985048255952,-0.4116866013008576,5.923887727464487,11.344301105913816,4,0
439,439,13,20,627295,9,8,1348.3305944302472,852.8198107992655,-0.01488785048536556,2.1922642948570683,-0.11273457443303415,1.2881490535302191,-1.9273802234285995,1.5430587747415534,3.0660349927088646,1.7075189699644395,4.487076244607579,2.2356302059308746,3.2453806606999933,2.9067289825080707,1.2403874976696443,1.8719234307765191,3.983534848906857,1.6367731936268228,22,0
440,440,19,20,626654,37,35,1282.5518477000246,379.940411422424,-2.9174381178434032,4.064427226143722,-10.459630765831431,-11.37812617371918,-29.499265353705827,-61.01221750305211,-48.835221047547066,-98.65840505316757,-52.04287155763336,-114.63679454217235,-78.45492226128022,-188.6107972265711,-37.87439950602402,-84.20844971678895,-48.647213138320005,-105.93336285473322,35,0
441,441,10,20,920916,2,1,1397.5104813286096,677.5050812881096,0.0,3.000022500168825,0.0,18.00013500101261,3.000022500168825,9.000067500506248,0.0,9.000067500506248,-21.000157501181096,0.0,-56.35489483938636,5.862033396451692,3.0000225001688254,9.000067500506248,-18.000135001012264,3.0000225001688254,17,0
442,442,31,20,627433,53,0,47.813901476207974,974.6617654472404,-1.7723755207769898,-3.3619966024928085,-2.8578347780304374,-3.6020631065863427,-4.158626019487174,3.3556282864126388,-2.491667838944444,-1.3836292325289603,-10.248939828647103,6.043752537380103,-8.539801680556794,1.378053552788174,-1.7638230202821887,2.1443015167463955,-6.85709958862858,3.3619055217502587,45,0
443,443,2,20,627562,16,0,1044.0829297012517,1067.9221736850811,-1.017993576895833,0.2181987588462561,-0.9768736567461928,-1.348545808169547,-7.814228210094369,-2.5408886928191805,-12.792917858078455,-3.88779819465276,-11.111860729798991,-5.822528629461657,-11.350601515052633,-6.495240560664342,-11.514320837042987,-4.0094537725665305,-11.59891755618628,-6.033056530020758,3,0
444,444,9,20,628078,42,41,1757.3846307462295,1422.1307957887145,0.34553199458900963,-3.01444520810378,1.3915304741592536,-2.9929464042913883,8.439477522295649,-22.121260627825905,12.869086553098668,-5.7680362875546525,19.21690357773423,-4.265211157326122,18.41314994931236,-7.7258710344419805,10.021116391737225,-6.6128560081720025,15.541929137841635,-5.128813425926636,34,0
445,445,11,20,922465,4,0,434.50325877444084,911.5068363012724,-12.000090000675016,6.000045000337651,-12.000090000675016,6.000045000337651,-18.000135001012552,21.00015750118132,-9.000067500506304,24.00018000135003,-15.000112500843786,27.00020250151897,-24.000180001349968,-9.000067500506248,-15.000112500843786,21.00015750118132,-18.000135001012552,27.00020250151897,12,0
446,446,14,20,628217,21,0,1065.1994814026075,1510.3752711492605,-16.335870535550153,-6.083903600747135,-21.736950487096237,-9.630244966908547,-21.73722427341432,-7.8240145899694635,-19.318622269284106,-23.53457523278212,-11.479617914294295,-22.96253011071689,3.6234503333441808,-36.02189605548028,-20.98335399598386,-17.426183195373596,-17.95816073364722,-29.261913104673337,15,0
447,447,16,21,655113,30,28,1319.33653706665,1057.3791771850258,-5.446826725389202,-14.458628423801654,-11.509681321987955,-28.70932928046659,-16.749731512471044,-42.95401786542186,-18.795244962500874,-47.474815705184476,-24.025303204328342,-57.10568331086483,-31.40414032542253,-72.11658158421699,-16.152280443432574,-41.22670328692902,-22.38542198961477,-55.827251684901064,46,0
448,448,13,21,654860,9,8,1352.314129279154,854.4565839928923,1.255965500985667,0.7939719540130454,0.5035413957007222,0.5988570123040518,-1.2283439900218127,0.4809269299139487,-1.299656171230481,0.6277702549592732,-3.0978715147211915,-0.2482128957012719,-2.6530595759945754,-0.6244103698594472,-0.7381541882068632,1.2699557888812478,-1.6737446885508689,1.1329763250031422,22,0
449,449,1,21,654735,14,12,1093.7014501889637,776.3018307096025,-9.006969434041594,7.358670759695883,-2.192689873331801,3.234106858344603,-3.7317297839651937,5.376243868971073,-5.922289142942192,10.066206500920883,-6.113626657079749,8.992388441660637,1.6378632019391262,4.1599795716884955,-9.55837934735814,11.781956213437295,-6.194764285628935,11.471085155978015,30,0
450,450,11,21,922496,4,0,416.50312377342834,938.5070388027913,3.000022500168768,0.0,3.000022500168768,0.0,-6.000045000337424,-15.000112500844011,-6.000045000337424,-33.00024750185652,-3.000022500168768,-48.000360002699956,-3.000022500168768,-54.00040500303771,-6.000045000337424,-36.00027000202522,-6.000045000337424,-36.00027000202522,12,0
451,451,6,21,656005,7,5,1099.4325421350973,1683.592670111722,4.273290673841757,0.18653319304917204,6.9563259287126575,-2.7895987163335576,12.617844713332488,0.8501624850823646,53.4688928012672,62.99857803612986,72.90012875823871,80.06378272269285,85.93068378842531,88.98811469585053,40.73791952545662,47.886499886344616,59.24210119784765,72.19865210148964,27,0
452,452,19,21,653976,37,35,1233.9046345617046,274.00704856769073,-4.446883935619328,-0.5043580232864997,-3.3956584193133486,-8.703431687439151,-16.18532016479935,-32.62508867046492,-38.51232534006817,-144.55189846495682,-98.8961219978605,-274.00704856769073,0.0,0.0,-29.807709122960205,-82.67743437183785,-48.70373058974269,-210.33160464544608,32,0
453,453,6,21,655774,6,5,985.616445249162,1539.4440546223648,-8.816653317093142,-6.030447315705716,2.703154889593293,-1.12768353768206,11.882839868589373,2.837952022905256,24.83642996095887,3.762776902013457,35.05309388827186,11.621112929400851,58.034153215512674,18.94394506092499,16.345445413157112,4.419289935158987,30.206005995894998,8.976543425379534,29,0
454,454,0,21,655378,11,0,920.9299540552687,1240.4556008110878,-0.4627320223801234,1.7965902919643213,1.6636428035644713,1.3597646144412463,2.4186546206100275,-0.14645009415767166,2.416294322639942,-1.0585620701585867,-3.706003256310965,1.0840381859886747,-4.236176559245223,0.5033280289355844,2.159870966764629,0.06715060710735088,-0.1578901134134867,0.7229980064694246,1,0
455,455,2,21,655125,16,0,1032.4840121450652,1061.88911715506,0.5336846984582735,0.2164472380125062,0.4870568263872883,0.2105279005591001,3.5616119971043645,-0.4665492289748272,3.389255945342484,-0.3173463816895037,7.354260611757352,2.8171055523043838,-9.476339587521238,-1.881167095434648,0.2483160411336485,-0.4621840306435842,5.484521103812995,1.4861666954520842,3,0
456,456,16,21,655657,29,28,1451.5763572598792,1453.3271294587894,4.073276004136005,-4.943236066326109,7.647931336808598,-7.0787562225757465,5.103530062414848,-3.1411042765096227,18.0629162150658,-16.038629387644505,18.73495866294548,-14.012165765863754,32.736107728241905,-28.04288580961929,15.6816820727513,-10.182927052238027,18.56820164122837,-13.349814838739574,47,0
457,457,9,21,654892,43,41,1708.9902002910828,877.7276172951822,1.1350009058714932,1.1891747321633377,0.1991120625748408,1.2989818888912623,-2.519518092058661,-2.909926892513681,-6.426970373468523,-10.472983655698727,-8.061324590768209,-14.811413430545375,-8.628154550937325,-17.060945618167352,-4.994456335073436,-7.5064742046944275,-5.295042264543781,-12.386126910280154,37,0
458,458,31,21,655037,53,0,40.956801887579395,978.0236709689904,-0.8232621914057177,1.4393502805977505,-3.3918402400185244,2.6818470156298417,-5.2508647466337015,2.333664074353919,-1.5930586041315635,1.5720300892121486,-6.6497845531830535,2.723646922305875,-13.723265388351187,39.348996784219366,-1.6827020919282134,-1.9838519689620853,-2.3613907531458764,1.7401763588326276,45,0
459,459,13,21,921414,10,8,1385.510391327935,869.5065212989098,-9.000067500506248,15.00011250084367,6.000045000337651,9.000067500506132,-6.000045000337424,9.000067500506132,6.000045000337651,0.0,9.000067500506248,-3.0000225001689387,9.000067500506248,9.000067500506132,6.000045000337651,3.0000225001685976,12.000090000674849,3.0000225001685976,23,0
460,460,3,21,654405,17,0,1577.8944099507305,559.6070023509236,5.251980412304191,1.5580595148728662,9.836242033665028,4.294695816418312,18.83442513883369,5.837826628417133,24.42392158792404,7.563111733512072,29.806199810670023,13.878192136694338,59.7806368554302,22.864992809735554,16.71560502207285,10.563743111214537,25.691480643658448,13.701081382437337,4,0
461,461,1,21,654276,13,12,1260.957990121919,469.01610312663763,0.12512596242663676,0.277032678924968,0.6379916764315112,1.4620722374718298,-3.162297221773997,-12.012965633414009,-7.178633759136801,-3.3263099407332675,4.593666520770512,5.614294766731407,3.6066310615763086,24.47805857202775,-6.8560777236371,-9.789271963527144,-3.733699819315234,3.3640834008480174,31,0
462,462,4,21,921411,24,22,1121.508411313085,902.5067688007659,3.0000225001685976,12.000090000675073,-3.000022500168825,-6.000045000337424,15.00011250084367,15.0001125008439,9.00006750050602,9.000067500506248,-6.000045000337651,0.0,0.0,15.0001125008439,-3.0000225001688254,12.000090000675073,9.00006750050602,27.00020250151864,40,0
463,463,140,21,922947,49,0,44.500333752503145,1706.5127988459913,-9.000067500506256,-3.0000225001685976,-18.000135001012513,6.000045000337424,-30.000225001687518,-9.000067500505793,0.0,0.0,0.0,0.0,0.0,0.0,0.0,0.0,0.0,0.0,42,0
464,464,14,21,655707,21,0,1047.2413206689605,1481.1133580445874,5.050142255220635,6.104753813126991,6.478542819352922,6.299382993956442,15.155213794994097,-5.913484811178704,28.664410975574807,-24.22533573388432,37.00344008064985,-29.585741922538773,63.22068761797823,-14.662616929824251,21.5816110669914,-6.759982950806942,29.987072213645433,-30.49808905191093,15,0
465,465,19,21,654174,36,35,1256.7567709118453,395.4628904614174,2.9691067643439046,-4.134905191521739,6.295179789418852,-9.77989557102751,0.01222961486882923,-31.611637376604282,8.292368579450567,-75.00282580344327,28.633403419947854,-85.96626622668975,30.75956579090803,-110.99440061149164,-0.7215790697357534,-38.77007262398684,20.635072036645397,-86.73297777671219,35,0
466,466,23,21,654166,44,0,1115.2772401867323,389.44548054317664,-3.3603258043251567,9.009962839111381,-6.001143884700014,10.743195592242275,-18.851361459310965,29.54195478130504,-23.49879520890159,45.40735709970409,-18.682892232691763,62.615325810603046,-0.1697170610852936,61.99639480321639,-21.245733702857706,38.556001492127,-21.04566083976852,53.29499001449653,36,0
467,467,35,21,654048,57,0,702.5027883259564,317.758060721558,4.61375069833332,10.585521982386695,15.600658758291724,-1.4551222424137222,30.620277942929306,-20.32009303857308,27.35700708004265,9.021947007099245,36.394444862693604,78.16614161900412,87.25036847872332,100.79200110165031,18.021158457517004,-21.964951069647896,37.71599671397394,51.78894316861994,50,0
468,468,34,21,654073,56,0,757.2831944449042,337.0706616393745,6.006957377804839,13.538352600567293,11.130406949878648,31.80619761665935,41.223500392965214,49.26777700586769,221.7007151263506,-52.97045772711471,157.56040659070698,-83.15314196630867,101.51902387095207,-112.71477384061632,135.30653039613662,-12.264359701272385,215.86413268183787,-72.33910040024216,49,0
469,469,10,21,920950,2,1,1379.5103463275973,680.5051037882785,0.0,0.0,-3.000022500168825,-3.000022500168825,-34.66597365631378,1.9913092683710831,-18.000135001012495,12.00009000067496,-30.00022500168757,3.000022500168484,-27.000202501518746,9.000067500506248,-38.35475983837409,2.8620108962828685,-50.61680689141372,8.674819624351699,17,0
470,470,9,21,655600,42,41,1772.9265598840714,1417.001982362788,3.50342556493365,1.021718101799479,3.6749744398925936,0.8636022686005163,5.431482642453375,-3.364949024499765,10.991543962792091,-11.454783579495368,19.74888150752872,-20.179367287416877,13.617871662173233,-9.985859074789461,2.8712208114707214,-2.5970576085153425,17.576993711906425,-16.317390639033874,34,0
471,471,4,21,3134418,23,22,1225.5912229043804,1125.6720736900986,0.0,0.0,0.0,-6.244946825892384,-6.244946825892839,-16.653191535713404,-10.408244709820792,-22.898138361606016,-12.489893651785678,-20.816489419641808,-10.408244709820792,-20.816489419641808,-10.408244709820792,-22.898138361606016,-10.408244709820792,-24.97978730357022,39,0
472,472,19,22,689226,37,35,1185.200903971962,63.67544392224463,-12.852437275530974,-25.83681232985105,-50.19239140811783,-63.67544392224463,0.0,0.0,0.0,0.0,0.0,0.0,0.0,0.0,0.0,0.0,0.0,0.0,32,0
473,473,6,22,691464,6,5,1015.8224512450572,1548.4205980477445,5.636229628788103,2.672407366170092,4.847087892376862,2.6445695040213195,21.575719591201505,7.796523911734539,33.75722707925888,13.815313213697893,52.46791737883132,21.021757209035968,64.88189299169379,30.825114666282843,27.82814721961768,9.967401635545457,46.71171817172035,18.115586012580025,29,0
474,474,1,22,689929,13,12,1257.2242903026038,472.38018652748565,3.5991186870794536,2.8669278804430864,8.327366340085746,2.250211365883388,12.560103254889555,5.631349291501747,6.098153569250144,29.172984507987906,4.071273577485272,17.652445796678876,5.285178518412295,-19.87679275203243,7.340330880891543,21.11397517117973,7.151894014318942,23.09075838447711,31,0
475,475,9,22,690508,43,41,1703.695158026539,865.3414903849017,-1.2515874784269272,-0.7098142345762426,-2.7662823262244274,-2.4252865202652174,-2.7849190094225382,-4.93115739697032,-4.377193371850353,-6.591531613071313,-2.1734400862078482,-10.954233389094384,-0.09538225485243856,-12.356839242668455,-3.3331122863935434,-4.674818707887198,-4.040282261657467,-11.09862200734165,37,0
476,476,13,22,921476,10,8,1397.5104813286096,872.5065437990784,-12.000090000674849,0.0,-3.0000225001685976,-6.000045000337536,-6.000045000337195,6.000045000337536,-9.000067500506248,6.000045000337536,-6.000045000337195,3.000022500168825,-12.000090000674849,-6.000045000337536,-3.0000225001685976,6.000045000337536,0.0,9.000067500506475,23,0
477,477,2,22,690758,16,0,1037.9685332488784,1063.3752838505122,-3.3217172355073217,-0.458362089515731,1.8697395079443595,1.330938856852299,-4.623104694634094,0.5571701337021295,-4.674009316004002,-0.951921446600636,-2.0324126785180847,-0.3043517344947304,2.9077408474704503,0.5653459769462188,-14.960860691334233,-3.3673337908867325,-0.99458224407158,0.08946435883945014,3,0
478,478,10,22,690247,2,1,1328.8935394361838,689.1799234126303,-0.21225316730078705,-0.2689972454195413,20.61658188972615,-5.674797124183215,23.616604389894967,0.32524787615454903,23.616604389894967,0.32524787615454903,23.616604389894967,0.32524787615454903,14.616536889388955,3.3252703763232603,23.616604389894967,0.32524787615454903,23.616604389894967,0.32524787615454903,17,0
479,479,4,22,921473,24,22,1130.508478813591,929.5069713022847,-12.000090000674849,-30.00022500168723,-15.00011250084367,-27.00020250151864,-9.00006750050602,-15.000112500843553,-24.00018000134992,-18.000135001012378,-24.00018000134992,-24.00018000134992,-21.000157501181096,-18.000135001012378,-9.00006750050602,-12.000090000674732,-18.000135001012264,-27.00020250151864,40,0
480,480,11,22,922526,4,0,410.5030787730909,902.5067688007659,3.0000225001686545,-9.000067500506132,3.0000225001686545,-12.000090000674732,-3.000022500168825,-21.000157501181096,-3.000022500168825,-27.000202501518746,-6.000045000337651,-48.00036000270006,-18.000135001012552,-75.00056250421879,3.0000225001686545,-18.000135001012495,-9.000067500506418,-48.00036000270006,12,0
481,481,31,22,690649,53,0,38.59541113443352,979.7638473278232,-3.2222654014184684,2.866726388028156,-4.288393800037176,0.9834705634732472,-9.49343361003402,7.703272722525071,-16.90670789246904,50.426056103025644,-38.59541113443352,61.24396023073348,-38.59541113443352,65.24399023095873,-11.361874635205307,37.608820425386746,-38.59541113443352,61.24396023073348,45,0
482,482,3,22,690076,17,0,1603.5858905943887,573.308083733361,1.852295225007765,0.4991894350549728,4.114719167011572,0.17711075425700076,13.27094786416842,1.9273062239918768,50.694314970391815,10.045284517302886,76.08135852602777,1.66952108501755,55.81150910512088,6.517484446662022,34.08915621177175,9.163911427298217,68.01447393176068,1.6510168184300935,4,0
483,483,4,22,3134456,23,22,1215.1829781945598,1100.6922863865286,0.0,0.0,-2.081648941964886,4.163297883928408,0.0,4.163297883928408,0.0,2.081648941964204,0.0,-4.163297883927953,-2.081648941964886,-2.081648941964204,0.0,4.163297883928408,0.0,-4.163297883927953,39,0
484,484,35,22,689771,57,0,740.2187850399304,369.547003890178,4.36797421167978,9.127088463610164,-1.3215518512803328,26.377198450384178,21.233183680691358,49.820150448866514,63.63793049534934,129.1822260986919,93.51213681742321,102.76318534247469,106.5330368307708,75.17348092080384,49.53437176474938,49.003057933030384,86.51837594188656,111.53226361472849,50,0
485,485,16,22,691299,29,28,1470.1445589011068,1439.9773146200494,-2.6081372444248245,1.776774357464319,0.16675702171710327,-0.6623509271241801,4.495165873090857,-4.160372392213732,13.703527533256647,-13.149816564075534,13.456938565234394,-11.125890128707173,17.518937923633985,-13.711444100841618,14.167906087013536,-14.693070970879715,11.212371237466641,-12.166935691247089,47,0
486,486,23,22,689889,44,0,1094.2315793469638,442.7404705576732,1.3037946763051875,5.923388799769157,2.3627686070767595,9.32033579610652,15.315927511757536,4.608798027136232,22.62663921701301,7.6722238520709425,33.13391478973563,14.512628648777197,49.86029217883152,7.870480743507812,20.875943778683226,8.701404788719858,23.9113532967242,9.318862338688518,36,0
487,487,1,22,690426,14,12,1087.5066859033348,787.7729158655806,0.2239383936450849,-1.401058417801778,0.08113762854918605,-2.4786967143173797,4.27272635239342,-4.071573450751657,13.094515120447795,-10.105358980153936,10.789387647023432,-8.379527062472334,9.590718719363394,-9.56055282637908,7.832627487568061,-7.311105584289521,4.656594080054447,-4.045180337821648,30,0
488,488,6,22,691835,7,5,1158.674643332945,1755.7913222132113,6.3905137251945225,6.926648030138267,13.658027560391018,7.865130621203207,19.13354743226546,11.18391391664386,24.493493853272877,-13.386752085673379,26.76881504558059,-10.160262188341221,28.583770724655324,-8.179847188893973,26.68858259057765,16.789462594360884,26.856225252509827,-12.077082173320832,27,0
489,489,13,22,690494,9,8,1350.6403845906032,855.5895603178955,0.6188874866022616,0.2051434359267432,-1.4241268261703226,-1.3811892207044139,-1.2288874767741618,-2.4783047150087896,-1.6023229839545363,-1.6493127103232157,-1.1430547723080051,-1.9130675205539087,-3.6222848317570415,-3.3616881609062834,-0.9793148874437064,-1.7573866948625891,-0.2441252688122404,-2.0957891990505004,22,0
490,490,19,22,689663,36,35,1277.3918429484904,308.7299126847052,4.35339264757863,3.025719461048596,7.998331383302458,0.7667115500224213,10.423094384331991,-15.31575928356756,16.08349966668561,-27.01418654214672,11.645541054253956,-77.9015649450593,8.780166690580701,-88.5134860392335,10.12449375426263,-24.261422834779463,10.137335377078898,-51.34156821780999,35,0
491,491,14,22,691315,21,0,1077.2283928826057,1450.6152689926764,4.241181578766145,-1.7817723450637004,7.016367867004418,0.912347129372165,19.07095323857948,7.158849760874546,49.93210780497543,35.329677537706864,78.25591953330127,50.51052447907682,97.72910371888612,59.55363965586388,33.233615404332795,15.835472122086685,64.27506087785923,48.069579005017204,15,0
492,492,0,22,690993,11,0,920.7720639418553,1241.1785988175573,-3.8434102611294065,0.8245799614696807,-3.5481131428974777,0.36104017951925016,-1.4628559448952956,-0.9764796209449288,-5.9546308568124005,-0.09950726936904176,-3.2246941837378245,1.4780360932434178,-6.54100581663613,2.6861597200527285,-4.078286445831736,-0.2196699775338402,-5.7969938526250635,0.22682945925885176,1,0
493,493,34,22,689590,56,0,973.147327126742,264.7315612391324,-16.767720319096156,-5.5676777151029455,-58.3037260911309,-10.814041566066491,-95.33707695523731,-27.85808461381208,-127.49250431150654,-28.68863469345755,-167.85249844226303,-24.81118548319188,-222.8892951796444,-59.59825937622756,-114.34510881088579,-40.37567344037416,-139.17591942436408,-32.07757088799792,49,0
494,494,16,22,690678,30,28,1296.9511150770352,1001.5519255001249,0.9662540814997556,1.4781577250028022,-1.6398812147135686,-1.2784316259637762,-4.109573996584686,-7.842160131080616,-10.78041902747032,-20.324025449345413,-32.602364484543386,-41.63483435102239,-42.23657759046887,-44.13736871816445,-9.018718335807762,-16.28932989931593,-18.480472179325034,-30.006120634550037,46,0
495,495,9,22,691253,42,41,1790.5035535959778,1400.684591723754,2.4420080348029387,-2.700159310338904,2.171887795622297,-3.8619766483830062,-1.036325168189023,-0.4226656725268185,-3.514981000635089,7.4051341466054055,-11.316534780836944,4.0058144004919995,-22.57672757939622,6.767076036650907,-3.9591220497331965,6.331531564244415,-7.320649476888776,8.87017962378377,34,0
496,496,31,23,717385,53,0,0.0,1041.0078075585566,0.0,0.0,0.0,0.0,0.0,2.000015000112626,0.0,4.000030000225252,0.0,9.000067500506702,0.0,1.0000075000561992,0.0,4.000030000225252,0.0,6.000045000337651,45,0
497,497,1,23,716681,13,12,1264.3761843169227,495.4709449119628,-1.4471689139584214,-0.7567422413081886,-3.0806204368336694,-5.4383125877982375,7.133352004599601,-30.967461135834533,-4.8667379960754715,-69.96775363802823,10.133374504768426,-132.96822614157196,7.133352004599601,-171.96851864376572,-1.8667154959066463,-42.96755113650954,-7.866760496244067,-93.96793363937832,31,0
498,498,13,23,921546,10,8,1397.5104813286096,881.5066112995848,-3.0000225001685976,-9.000067500506475,-6.000045000337195,-6.000045000337651,-9.000067500506248,-3.0000225001689387,-3.0000225001685976,-9.000067500506475,-21.000157501181096,3.0000225001685976,-6.000045000337195,-9.000067500506475,-12.000090000674849,-15.000112500844011,-9.000067500506248,3.0000225001685976,23,0
499,499,19,23,716301,36,35,1287.5291783255695,257.3883444668952,-0.9192566040792371,-10.392570812853704,1.5082056771750558,-26.55999672724932,-6.184296489785536,-32.752597339664284,-2.8294293529099828,-39.042098355365574,-4.002477370456063,-55.68166946166085,-2.250967751446524,-36.670834520729535,-1.3571686864981984,-37.171917821423506,2.1419256012486585,-46.99436239060739,35,0
500,500,4,23,921543,24,22,1112.5083438125787,902.5067688007659,6.000045000337424,0.0,-6.000045000337651,3.000022500168712,-12.000090000675073,-6.000045000337424,-12.000090000675073,-6.000045000337424,-27.00020250151897,0.0,-33.000247501856386,-9.000067500506132,-3.0000225001688254,9.000067500506248,-12.000090000675073,0.0,40,0
501,501,3,23,716805,17,0,1671.6003645261496,574.959100551791,11.505383223342278,1.2766715006646336,8.066884594267094,0.018504266587456183,-1.0710673291227977,1.468662004460839,-16.329042628127812,4.739491041147971,-27.10833554372016,0.7273640053462032,-39.83276958286229,-7.921185594552528,-12.2029648266398,4.866467628231932,-18.54961831970081,4.1423488308628285,4,0
502,502,6,23,718488,7,5,1185.5308685854548,1743.7142400398907,0.9440014921947296,1.5641534055378088,-0.08741020692923485,1.9168199849796108,1.36332492935162,10.777467270911076,3.541340233886104,6.587099320176094,13.032397707021573,50.721400632123725,20.395380382046824,35.527694845446376,1.7275454721454937,3.8972349844268592,7.648937641236216,20.77123740763841,27,0
503,503,23,23,716632,44,0,1118.142932643688,452.0593328963617,3.365469217034615,0.8677979906004225,9.222561493011426,5.193766310088677,18.73877464565703,4.4347342700929175,31.65692642424983,-0.9002212417958049,36.418860940875675,1.0925520264968327,35.84544400378627,0.3649413664608687,25.948938882107313,-1.4483815951807062,34.89039979797144,-0.5758486206258908,36,0
504,504,10,23,920986,2,1,1352.5101438260788,689.5051712887848,0.0,0.0,0.0,0.0,0.0,0.0,-9.00006750050602,3.000022500168712,-9.00006750050602,3.000022500168712,-9.00006750050602,3.000022500168712,-9.00006750050602,3.000022500168712,-9.00006750050602,3.000022500168712,17,0
505,505,2,23,717404,16,0,1036.9739510048068,1063.4647482093517,-1.681856299093397,-0.5508312754982398,-1.037830434446505,-0.39381609333418055,-11.966263447150366,-5.456813149838808,-6.22592231984072,-3.17119107439089,5.499281644245684,-0.12824371972283188,12.006636924023724,2.944966919451645,3.90232309154203,0.4758816181067687,-6.145227901265116,-5.103459329699263,3,0
506,506,9,23,717971,42,41,1783.182904119089,1409.5547713475378,-1.4350976914263356,-1.1344780065483064,-3.995885303948171,-4.8643652232917685,-8.566552401477338,-5.2480628863875145,-14.516871464964193,-6.830379227626055,-7.334814331642065,-7.629053301724527,-2.865039266591112,-2.9611363468291074,-15.256078102507448,-2.103103587132864,-10.516159018772896,-10.422034883437616,34,0
507,507,6,23,718227,6,5,1062.534169416777,1566.5361840603243,4.802729199407168,2.56947590189111,5.756199207110968,2.9061711964559436,10.118210738425203,5.506268027401121,13.640472670942245,13.822955439448151,14.770631559241792,15.672141445528949,9.360678314870713,16.22605774447129,18.170174819973454,12.709528653702819,15.143202382691015,15.216774120070797,29,0
508,508,1,23,717079,14,12,1092.1632799833892,783.7277355277589,1.1545406431266656,0.2851731770012975,6.132793566968986,-4.334346724650686,3.6306460254886574,-3.182657522727027,6.567365438223077,-6.814085205133437,6.033883416859453,-5.457370924551923,-1.4731803183287866,0.869640125620208,4.9341246393089495,-5.515372488557432,-1.897948334494004,-2.089563247717706,30,0
509,509,0,23,717655,11,0,914.9750700892304,1241.4054282768159,0.7032659452210055,1.0947849588756071,2.5722996688872404,1.2512066339845658,-1.0413593308758209,2.1476692117842053,23.5319687135609,6.103928043356291,-3.4021455106711755,0.5877040429604676,26.531991213729498,6.103928043356291,-0.7440119640110652,2.4593302607938767,-2.327946080402853,3.0101926399620424,1,0
510,510,14,23,718123,21,0,1141.503453760465,1498.6848479976934,8.375209562534339,4.061014876366016,13.980858655442034,2.4409454740596166,24.09072705368567,10.648466044010547,39.81495300882421,23.38750285480114,37.2062017029823,-8.330521455342023,47.65356219214141,-8.03913591644482,33.454042841026876,11.484060650846686,34.04291060127412,-6.393525852507082,15,0
511,511,34,23,716269,56,0,833.971407702378,232.65399035113444,-12.885165622426825,7.070761882195883,-28.67657901789893,7.266385404806044,-68.09333805968436,10.346303237315283,-110.47064325987007,-85.12902293516436,-70.743019644284,-113.2883235948692,-11.269526337220439,-6.021134683510213,-83.71337575528025,-27.52068848822964,-115.99075783512104,-122.07580055883369,49,0
512,512,13,23,717155,9,8,1350.396259321791,853.4937711188451,0.3756367349621996,0.9005737047640423,-0.8989295034957651,0.18272167849659127,-3.189727614694448,-0.3059713704767546,-4.047939227674078,-2.387315038401425,-3.590654624847049,-2.655483769831108,-4.38417129734512,-3.1291351037680215,-3.378159562944802,-1.2658989618557823,-3.7939970043960334,-1.7227771456296068,22,0
513,513,9,23,717156,43,41,1699.6548757648816,854.2428683775603,1.5051206902946888,0.7638120797230386,1.8668421754496205,0.14438861824726246,1.875045658096269,-0.3933559547532468,1.7315908035725442,-5.203542703822791,-6.568331890664696,-7.886636989141492,-12.061763485457275,-7.514182167118065,3.944900006805028,-1.2582172353268106,-2.386616953318025,-9.634494744432684,37,0
514,514,16,23,717304,30,28,1278.47064289771,971.5458048655748,-4.5608489733861015,-4.937891365281757,-14.121892305218351,-11.628713716472365,-21.094757047426807,-13.410844104468765,-28.983896970055863,-15.921023630578361,-32.685196262171985,-17.769169087366663,-43.120840492684685,-21.478648509833874,-23.756105411143835,-14.131248083614425,-30.980391418024965,-15.909237260562804,46,0
515,515,16,23,718008,29,28,1481.3569301385737,1427.8103789288025,2.2270498616599066,-0.02282152817133465,2.2445673277677543,1.0410455625399209,6.653183249194398,-3.1062443081953006,5.887988309609227,-1.79218434601853,12.154271195436422,-3.299695098674192,45.154518697292346,-33.299920100361305,6.306566686167344,-1.5445084095945276,9.315113180640765,-4.6817372841808265,47,0
516,516,11,23,922556,4,0,401.50301127258456,854.506408798066,3.000022500168768,0.0,3.000022500168768,0.0,-18.000135001012378,-27.000202501518746,-9.000067500506132,-30.00022500168734,-18.000135001012378,-33.00024750185605,-21.000157501181096,-39.0002925021937,-9.000067500506132,-27.000202501518746,-12.000090000674904,-30.00022500168734,12,0
517,517,4,23,3134486,23,22,1215.1829781945598,1096.5289885026007,0.0,0.0,0.0,0.0,-2.081648941964886,-2.081648941964432,-2.081648941964886,2.0816489419637487,-2.081648941964886,0.0,-8.326595767857269,0.0,-2.081648941964886,2.0816489419637487,-2.081648941964886,0.0,39,0
518,518,35,23,716662,57,0,826.7371609818167,481.07926750490645,8.134802586960518,-1.0970676205851078,6.993760875536622,-8.769078272253807,18.19001097618775,-27.44866868647545,65.01690836886371,-77.1834097738179,87.69360072646124,-154.03162171837323,154.93783521790738,-141.3012009049099,20.01466088888424,-36.35878269392464,88.56050278760654,-117.36390358485136,50,0
519,519,34,24,746318,56,0,717.9806498672568,110.57818979230072,18.305739137727755,0.253510988777748,45.24773819083703,8.787476963964508,88.63668434923477,28.68899527179745,104.19197526896595,147.29482148739584,75.01332751099017,171.3991155604459,104.679799944573,108.88980993473886,104.7212314979006,116.05466587532352,93.28263132892981,166.71304867319768,49,0
520,520,16,24,747532,30,28,1247.4902514796852,955.636567605012,-2.282363764988986,-1.361513211552051,-1.70480484414702,-1.8599318268038587,-8.379223918945629,-4.634656121601778,-19.269047340310408,-9.136074792139539,-21.761139746743087,-7.8016906134787405,-27.21098868615354,-8.168758390728383,-12.140449074659724,-5.56941124927107,-22.80266042083485,-9.472930383246306,46,0
521,521,13,24,747392,9,8,1346.6022623173953,851.7709939732154,-0.3258663146784784,-0.09078041150200987,0.20334237954898526,-0.9327066242015007,0.5062663741216511,-1.563056060400868,0.8948794745017494,-0.4973137312906602,0.4521945507790406,-0.18475383621182573,-0.9438127782582342,-0.9539356117429634,-0.5901742929490865,-1.406357958138415,0.5300949130487425,-0.4523031195585645,22,0
522,522,1,24,747291,14,12,1090.2653316488952,781.6381722800412,7.845019961052003,-4.539533930513585,7.931831751353457,-3.3678076768342184,4.909461117288629,0.2959435695292996,7.000951090102944,0.3038081229793761,8.158698076246765,-1.7326625159736295,17.36384344965427,-7.98413181890453,0.42476801616521703,2.959203373337914,7.521312164896018,-1.4179636956812374,30,0
523,523,11,24,922586,4,0,389.5029212719097,824.5061837963782,-6.00004500033748,-3.000022500168712,-6.00004500033748,-3.000022500168712,-9.000067500506189,-9.000067500506361,-9.000067500506189,-27.000202501518746,-48.00036000270006,-87.00065250489388,-42.000315002362534,-102.00076500573743,-9.000067500506189,-9.000067500506361,-24.00018000135003,-66.00049500371267,12,0
524,524,14,24,748317,21,0,1175.546364361739,1492.2913221451865,1.4375060935856254,1.0341230266603816,3.1632911017081824,-1.9369956028349409,7.562564811998071,-1.8341470315772312,16.414198828446384,0.4964888337403863,-8.116569677054486,-8.18070028210991,-17.408255268393074,-13.962890324816954,13.610651590867295,-1.6456100639377382,5.689238004570825,0.6759050247680989,15,0
525,525,16,24,748176,29,28,1490.6720433192145,1423.1286416446217,2.839158014795657,-4.618002814830335,2.839158014795657,1.3820421855066345,15.635631643213628,-11.305676765012775,41.83945051698947,-40.61827281685553,89.83981051968884,-67.61847531837452,140.07236996563256,-114.93601836345806,35.839405516651595,-28.618182816180482,74.83969801884588,-61.618430318036644,47,0
526,526,4,24,3134516,23,22,1213.101329252595,1096.5289885026007,0.0,0.0,0.0,0.0,-4.163297883927953,-4.163297883928634,-6.244946825892384,0.0,-6.244946825892384,-2.081648941964432,-6.244946825892384,-2.081648941964432,-6.244946825892384,0.0,-6.244946825892384,-2.081648941964432,39,0
527,527,6,24,748758,7,5,1193.179806226691,1764.485477447529,4.5538127776906085,27.36106255868889,5.383460065785357,29.950163224485326,7.184530964333363,11.838267232662474,15.625169157685376,17.747564015331818,18.37875407690467,27.325995969689984,19.42969676881808,33.213583207298825,12.746442740810606,14.756457437807967,18.885830019659124,16.655326105588983,27,0
528,528,23,24,746859,44,0,1153.0333324416595,451.4834842757358,0.475272650618308,2.225125932059825,1.5284611429042343,1.6684006471227235,1.1175172335758816,2.0512720165052087,11.825173015512293,3.2769904103212752,14.175294408930313,4.655831876321487,14.918902468611574,2.2691034190954724,0.9550442058148292,0.9407899870867596,13.083270482464284,3.560116634020972,36,0
529,529,3,24,747050,17,0,1653.0507462064484,579.1014493826539,-2.6063302510535777,-2.523987446339561,-8.558717224019347,-3.414984825516626,-15.021199990665085,-8.441681826441481,-25.50893482148377,-13.624444878355462,-41.28135736610807,-22.01031596366272,-52.674814734731854,-27.586787694252173,-21.283151263161468,-12.063534425415357,-30.45161362906333,-15.492179905884766,4,0
530,530,31,24,747630,53,0,0.0,1047.0078525588942,0.0,1.0000075000559718,0.0,3.0000225001690524,0.0,4.000030000225024,0.0,0.0,0.0,0.0,0.0,0.0,0.0,-5.000037500281452,0.0,0.0,45,0
531,531,0,24,747886,11,0,912.6471240088274,1244.4156209167782,22.859892293794807,6.093757903562846,-1.0741994302683224,-2.422488597001576,10.859802293119742,3.0937354033942484,28.85993729413235,-5.9063320971119975,25.859914793963753,-8.906354597280824,34.85998229446989,0.09371290322542336,28.85993729413235,3.0937354033942484,4.859757292782434,3.0937354033942484,1,0
532,532,1,24,921640,13,12,1256.5094238206786,401.50301127258456,9.000067500506248,-24.00018000134992,18.000135001012495,-39.000292502193645,12.000090000675302,-66.00049500371243,15.00011250084367,-93.00069750523123,24.000180001350145,-96.00072000540001,18.000135001012495,-78.0005850043874,15.00011250084367,-78.0005850043874,27.00020250151897,-78.0005850043874,31,0
533,533,13,24,921637,10,8,1388.5104138281035,884.5066337997534,-6.000045000337424,-18.00013500101261,-12.000090000674849,0.0,0.0,3.000022500168825,-9.00006750050602,-12.000090000675073,-12.000090000674849,-6.000045000337536,3.0000225001690524,-12.000090000675073,3.0000225001690524,-12.000090000675073,6.000045000337651,-6.000045000337536,23,0
534,534,4,24,921634,24,22,1100.5082538119036,902.5067688007659,0.0,-6.000045000337424,-15.0001125008439,0.0,-30.00022500168757,-6.000045000337424,-21.00015750118132,-9.000067500506132,-24.00018000135037,-3.0000225001685976,-33.000247501856165,0.0,-21.00015750118132,-9.000067500506132,-30.00022500168757,6.000045000337536,40,0
535,535,36,24,922210,58,0,2012.5150938632041,854.506408798066,0.0,9.000067500506589,-9.000067500506248,3.000022500168825,-9.000067500506248,0.0,-59.05125332241278,10.599274993957122,-141.40747859341292,24.120727156491622,-169.7956644663279,28.184809924822158,-33.000247501856386,0.0,-96.4601208540139,16.092718308149983,51,0
536,536,35,24,746725,57,0,915.2976637694237,363.71536392005515,1.3816510339665908,-16.311026790402025,-0.8669020611453107,-36.667718133521866,33.85103970769762,-54.324609514397316,61.89972504302944,2.344163214388629,53.14545540967811,23.62423196641089,18.709341283114327,41.28767360272627,66.37733243030084,-23.937297320058576,55.94130830921733,8.877993265100029,50,0
537,537,10,24,921016,2,1,1343.5100763255728,692.5051937889534,0.0,0.0,0.0,0.0,0.0,0.0,0.0,0.0,0.0,0.0,-9.000067500506475,-3.000022500168712,0.0,0.0,0.0,0.0,17,0
538,538,19,24,746492,36,35,1289.6711039268182,210.3939820762878,-8.908444567887955,0.4335311431148909,-6.1444029717047215,-8.687307071053452,-6.198471330540088,15.535944957720575,-3.5944886237346045,5.276690483694979,0.1990256744677481,4.611950667334725,-5.437958695025826,8.118849493191561,-4.392893352695181,10.323527869877863,-2.5101451769955934,-1.2272489841708705,35,0
539,539,2,24,747639,16,0,1030.8287231035415,1058.3612888796524,12.094247928930145,5.3421702392715815,11.6445095455108,4.975215609976432,18.134320052923613,8.95848370847466,20.75443111182972,7.9083819138172675,19.179151955521547,6.646698680254303,13.17910695518367,5.646691180197878,18.15186482528884,8.048426249150907,20.86095815636486,7.144973933591699,3,0
540,540,9,24,747381,43,41,1697.268258811563,844.6083736331275,-2.6090165987177443,-0.2152927857329132,-4.181714937346669,1.7478577552911931,-4.794196057917134,6.293384013458762,-10.41357659243067,0.2551544877279639,-11.537396969079282,1.359191786247152,-13.772900116534627,-4.516774252066738,-9.675146532139252,2.1203125773146208,-10.519973991941471,1.52421252455963,37,0
541,541,9,24,748148,42,41,1772.666745100316,1399.1327364641006,3.896495427012496,0.4866200783619661,3.1813446871308315,2.7929815817130934,5.774396473177147,6.113158293223705,5.888742966278869,10.855264167995074,-0.030860103626764605,6.522476815270692,-2.877819411243763,2.8740475627755586,7.651119752181785,7.460898536608511,2.8773617811507406,9.045985453908997,34,0
542,542,6,24,748468,6,5,1077.6773717994683,1581.7529581803951,-1.1022568922967366,0.5560001785447639,-0.3725708234492231,0.4553673254581554,-6.838979134445706,0.6102059324446145,-1.6916688370665725,1.5037972136813096,5.919699108389523,2.587396401218029,22.936625193947968,8.623403750429361,-5.7825240678203045,1.0092836244004957,-31.669526740630545,-4.741130591688262,29,0
543,543,35,25,773967,57,0,971.2389720786407,372.5933571851551,-4.944583632245212,5.1738648067662325,-2.795852899539227,14.746238701310856,-24.55368288974489,26.578721819841576,-58.04349968098052,44.6161063263923,-61.13115954584669,42.410372823680355,-85.44110669081442,42.01671521900232,-37.23196702610301,32.409680337626234,-74.08283375144184,46.43226337299274,50,0
544,544,36,25,774734,58,0,1916.0549730091896,870.5991271062159,-28.83135320562473,5.4012278963785985,-44.94735773939897,8.028008848341642,-60.875689878876074,9.869996677349944,-93.55913422725278,11.453730186216376,-105.36645433711031,12.340052768375358,-132.50744859453584,24.376477913462963,-73.33554361231404,12.092091616672178,-99.27995384672457,10.832925878306126,51,0
545,545,16,25,774798,30,28,1224.6875910588506,946.1636372217656,-1.6082919665516329,-0.4770875248192397,1.0415206740917708,1.671239769767567,-0.2372456006612537,2.1276625843026977,-2.644913807103876,0.6689007275502945,-3.0950163135244115,1.0509011244421345,-3.7320679269521406,0.4902527169290352,-4.408328265318686,1.3041719925179225,-0.7304189350061279,2.38670224449902,46,0
546,546,19,25,773709,36,35,1287.1609587498226,209.16673309211689,1.456949930917972,1.5014884639510342,2.709170851463341,5.839199651505594,0.8818806585425136,5.540295206826017,-0.7998608071559374,13.895321414569993,-7.719514898709576,15.609753208218308,1.3886574201251278,-13.141250140420368,-2.9278135180302343,9.346098477362432,-5.61745543193274,17.359814333512247,35,0
547,547,34,25,773825,56,0,811.2632811961867,277.29123846549845,-14.952829779425993,6.848354973181074,-18.269303817939655,4.686066887248161,-0.6042947124719831,-26.12952448183114,5.270117195253874,-96.171522663021,46.382318657754574,-102.22979190354141,103.36611705010635,-38.130755121672024,11.397168615643182,-57.82323873845886,14.505530720506046,-106.87923296380016,49,0
548,548,6,25,776193,7,5,1212.0656362463499,1781.140803553118,-2.419717864074755,4.669670637498938,-0.5070759427544544,10.670669864101,0.16646646065555615,7.143459709616764,3.5859358280558813,35.830869438676025,7.248766684449038,49.33649182954605,8.550835567820286,64.69744103314632,0.5438667491589513,16.55825710170984,8.753474799537571,42.60411139167468,27,0
549,549,1,25,921733,13,12,1283.5096263221976,323.50242626819704,-18.000135001012726,-6.000045000337536,-3.000022500168825,-18.00013500101261,0.0,-12.000090000675073,3.000022500168143,-3.000022500168712,0.0,-12.000090000675073,3.000022500168143,-9.000067500506304,-9.000067500506475,0.0,9.000067500505793,9.000067500506248,31,0
550,550,13,25,921730,10,8,1394.5104588284412,878.5065887994159,-12.000090000675073,-3.000022500168712,-18.000135001012495,0.0,-15.00011250084367,3.0000225001689387,-3.0000225001685976,-3.000022500168712,3.0000225001685976,-3.000022500168712,-3.0000225001685976,3.0000225001689387,-3.0000225001685976,-6.000045000337536,-3.0000225001685976,-9.000067500506132,23,0
551,551,14,25,775684,21,0,1181.2356023663099,1492.9672271699546,-8.407637701885276,-5.101282176603262,-13.80580768162531,-8.85660530687801,-19.565905151929886,-13.390644736107333,-22.09878431799234,-11.27173793181032,-14.267898650309231,-12.20806779587224,-14.604919869778767,-10.93191225147325,-23.097493272963906,-14.638795349585054,-16.60878619938876,-10.496973746934145,15,0
552,552,1,25,774621,14,12,1097.7866438137912,780.2202085843599,3.500687196225954,-2.797613862838489,0.6373859113507478,-0.31469882029239216,8.210879684192605,-5.76621478064328,10.461106334614218,-6.333415495483223,12.634594640562227,-8.599563606469133,11.95243890909751,-7.23210682985291,9.842531284758252,-6.566168123223293,13.73364569389514,-9.259759935740817,30,0
553,553,10,25,921046,2,1,1343.5100763255728,692.5051937889534,0.0,0.0,0.0,0.0,0.0,0.0,-6.000045000337878,-3.000022500168712,-9.000067500506475,-6.000045000337536,-9.000067500506475,-6.000045000337536,-9.000067500506475,-3.000022500168712,-15.000112500844125,-3.000022500168712,17,0
554,554,37,25,773399,59,0,1255.0018497558058,24.756668818446112,22.00772781602609,-24.756668818446112,30.00778781647591,-24.756668818446112,0.0,0.0,0.0,0.0,0.0,0.0,0.0,0.0,0.0,0.0,0.0,0.0,52,0
555,555,2,25,774935,16,0,1051.6896812599066,1065.5062628132441,-1.699442290498382,0.12138190144719375,-1.6818062008433117,-0.4982752533373969,-5.681836201068793,-1.4982827533938234,3.4986031932646715,4.001525060070435,3.982177700388093,2.8638663850651938,4.35666771242154,0.6787540318346146,-7.681851201181189,-1.4982827533938234,1.056039996259642,3.339005870280744,3,0
556,556,9,25,775573,42,41,1775.5441068814664,1408.1787219180096,-2.1835281103219586,-3.42546459928667,-2.9082218847775034,-2.5235086386383045,-2.9564344096668265,-8.655014919083444,-7.026296667927227,2.008884514184956,-9.521553977033138,4.5594188703994405,2.9692319685746043,-4.668195589061497,-5.755181192394503,-6.171937891133437,-8.23106579657042,2.3318294887169486,34,0
557,557,9,25,774700,43,41,1686.7482848196219,846.1325861576871,-1.876133301945174,-1.7840995072409669,-1.0174229771378125,-0.165020738312478,-0.06352925893565953,-1.2576019707051955,0.6360274541129911,-12.170239889455955,-6.460626060329106,-21.238238748208,-10.333005481416649,-30.11236514873257,-3.25292612459316,-6.040986776626369,-2.7060289036153327,-16.90848196141883,37,0
558,558,23,25,774118,44,0,1166.1166029241238,455.0436009097568,2.377372823141968,2.5873544951281247,1.0920239264660268,1.095715242300514,-2.585785583318738,-4.158520947120223,7.085538691405418,1.8251003128193588,6.709463459298831,3.7326468357358067,3.4987301534042667,9.199691684668947,1.8356319861472912,-1.2910132149254991,9.719715072360714,4.4879237941738666,36,0
559,559,3,25,774266,17,0,1622.5991325773853,563.6092694767691,-9.898629585952222,-2.2892421231001663,-10.829743737044737,-6.518136057777952,-13.198866871598964,-10.913569342464145,-18.088411925329865,-12.690864065215466,-14.444664614206655,-12.915731942610927,-18.317352751061208,-18.176608231884305,-22.223201105668522,-12.094607788367398,-16.99445478795701,-13.372211017379756,4,0
560,560,4,25,921727,24,22,1070.508028810216,908.5068138011037,-6.000045000337424,-15.00011250084367,6.000045000337195,-9.000067500506132,3.000022500168825,-9.000067500506132,-15.00011250084367,3.000022500168712,-9.000067500506475,12.000090000675302,-6.000045000337424,-3.000022500168825,-3.0000225001685976,-6.000045000337536,3.0000225001688254,6.000045000337536,40,0
561,561,16,25,923515,29,28,1565.5117413380606,1361.510211326585,0.0,0.0,15.000112500842988,-6.000045000337878,48.00036000269984,-36.00027000202499,83.05305058011186,-65.20027939541546,111.37664400871132,-86.42778809184483,130.97999658398294,-105.29701273288902,65.2326719467867,-53.31758804542142,93.3008238453317,-71.46868636373915,47,0
562,562,11,25,922616,4,0,365.50274127055945,758.5056887926659,-21.00015750118132,-24.00018000134992,-24.00018000135003,-21.000157501181206,-24.00018000135003,-27.00020250151864,-24.00018000135003,-42.0003150023623,-33.000247501856215,-54.00040500303749,-27.000202501518746,-75.00056250421892,-18.000135001012495,-36.000270002024756,-33.000247501856215,-42.0003150023623,12,0
563,563,6,25,775804,6,5,1046.0078450588378,1577.0118275887064,31.62601291603141,6.258743526266699,37.589225849020075,7.3285269929062915,46.396248077951896,10.075708399583165,67.26705284287618,13.878081604794259,77.16765069162034,21.097316965551727,97.23876015950418,30.384178499667314,54.606151934578534,13.364534342117622,71.98378583421481,17.57672357097567,29,0
564,564,0,25,923510,11,0,917.5068813016098,1247.5093563201724,27.000202501518746,-3.000022500168825,21.00015750118132,-12.000090000675073,15.00011250084367,-3.000022500168825,24.00018000134992,0.0,12.000090000674732,0.0,12.000090000674732,3.0000225001685976,30.00022500168745,-3.0000225001688254,24.00018000134992,0.0,1,0
565,565,13,25,774706,9,8,1347.1323572304436,851.3186908536568,-1.7258089068554912,-0.7873179185316985,-0.07790036226970187,0.2675492833467388,0.03323902962551984,0.2398932450598749,0.22888969592099784,-0.39895411864915786,-0.9531335404935816,0.037174536588736366,-2.8971387937588133,-5.005614194151692,-1.4739076913069766,-0.5016324921843989,-0.4939431940888426,0.08766852774635936,22,0
566,566,4,25,3134546,23,22,1206.8563824267026,1094.4473395606362,0.0,0.0,0.0,0.0,0.0,0.0,0.0,-2.081648941964204,2.081648941964432,2.081648941964432,2.081648941964432,2.081648941964432,0.0,0.0,0.0,-2.081648941964204,39,0
567,567,19,26,804232,36,35,1281.54350331789,226.5265474256292,0.7041833995310753,-1.6104827035852622,-2.1020594667768364,-1.750061125293939,5.220177078728512,-38.24477088537097,5.111102246997234,-26.250934883149572,15.189384230729274,-53.087210641996364,17.412559364413028,-67.81678730553833,7.006112852057867,-30.501064473932608,13.56300344859369,-47.53496681115965,35,0
568,568,2,26,805445,16,0,1052.7457212561662,1068.8452686835249,2.1081634076990667,-0.022408675300312098,2.9261377041284504,-0.4751394852155499,5.03032285146287,-0.30825378710028417,5.739300307160421,-2.683850691542148,11.007385538471453,-2.010861382047324,-8.653042383242562,-8.478754628498336,3.3006277161618978,-2.660251838446129,7.909433477443372,-2.749590890477066,3,0
569,569,16,26,805248,30,28,1223.9571721238442,948.5503394662646,0.014214104798838887,-0.1732013469508047,-2.364597378518283,-1.3358011200568851,-2.4062198458445887,-0.8772230578631479,-3.7777615040083683,-0.7981393912423299,-4.90882785602912,-1.5473374481878182,-4.6679768515464275,-1.3914588222750126,-3.0016489919460128,-1.8964495275699849,-1.4763541853192237,-0.04307386337131902,46,0
570,570,23,26,804610,44,0,1175.8363179964845,459.5315247039306,-0.04221806057739741,-0.6171735140120518,-3.0102516130618824,-0.7552769584380599,-4.500783555575026,1.5918937352731746,-6.099915307695937,9.4291912296938,-30.105655308866744,-13.657246567264625,-0.08574206681669239,24.036596371144533,-6.2209849189564475,4.711767890495082,-5.288264130849939,11.688349944061654,36,0
571,571,13,26,805122,9,8,1346.6384140363548,851.4063593814031,0.8000084630095898,-0.19051870110649816,-0.4591903464047391,-0.05049399115762298,-1.755750423865038,-1.5231330358004698,-2.7203348311979885,-6.489967431386504,-5.263422022677332,-6.425762729188932,-3.7803349541659372,-7.0555937840556435,-2.4031955996699708,-5.093282721898049,-3.6587824463365446,-6.519320481227052,22,0
572,572,1,26,805021,14,12,1111.5202895076864,770.9604486486189,0.4293314033570823,0.04638694623133688,-1.0990510533329143,0.6601963292716846,-2.735389152227981,1.433161955618175,-2.1606811727415334,1.8724185083502791,1.506638158649821,1.6327059682948857,2.080344468845624,0.8674893968931201,-1.7812067847976325,2.027653105887908,2.274547609938736,0.9007367169658664,30,0
573,573,4,26,921823,24,22,1073.5080513103846,914.506858801441,6.000045000337424,-21.000157501181206,-12.000090000675302,6.000045000337764,-15.0001125008439,0.0,-12.000090000675302,-3.000022500168825,6.000045000337424,-3.000022500168825,-3.000022500168825,-15.00011250084367,-9.000067500506248,-9.000067500506361,-6.000045000337424,0.0,40,0
574,574,11,26,922648,4,0,332.5024937687033,716.5053737903038,6.00004500033748,-12.000090000675184,0.0,-12.000090000675184,0.0,-9.000067500506361,-3.000022500168768,3.000022500168484,-6.000045000337536,0.0,0.0,-15.0001125008439,6.00004500033748,-33.00024750185662,-6.000045000337536,-18.000135001012726,12,0
575,575,36,26,805147,58,0,1816.7750191624646,881.432052984522,-5.382862501273394,-1.2518582778312748,-6.086500490385787,1.5071268900692305,-13.714307034216974,6.756255905055356,-44.792070946404685,22.807960245191225,-95.09190209333995,47.35885902215036,-116.45976617263271,65.23382848495066,-33.227494747811306,13.543552035156836,-71.92838773729386,35.097807310357325,51,0
576,576,4,26,3134576,23,22,1206.8563824267026,1092.365690618672,0.0,0.0,2.081648941964432,4.163297883928634,2.081648941964432,4.163297883928634,2.081648941964432,4.163297883928634,2.081648941964432,4.163297883928634,2.081648941964432,4.163297883928634,2.081648941964432,4.163297883928634,2.081648941964432,4.163297883928634,39,0
577,577,9,26,805096,43,41,1684.0422559160068,829.2241041962683,-3.008742465539399,-2.703743431810381,-3.7545971567137713,-4.329756786789177,-7.222965227076203,-4.11423458953368,-9.95308689595663,-19.794235810649642,-16.52974957220885,-19.71803290073342,-34.52988457322181,-19.71803290073342,-7.626976577801317,-13.20388318731375,-17.435207935742486,-22.900064097303925,37,0
578,578,14,26,806056,21,0,1164.6268161669213,1482.4702534230207,0.28116230972364065,-2.374711714753857,2.3408875490795253,-1.7110940489380937,0.00443250728426392,-0.2730401243823053,-3.2833720590328994,2.9213349577644294,-23.18938799916373,-8.740434702716811,-37.21527890780203,-11.150465475083363,2.0038663296099912,-0.4349385045391045,-9.723697943133857,3.1441926431141383,15,0
579,579,1,26,921829,13,12,1292.5096938227036,332.5024937687033,-12.000090000674618,-12.00009000067496,-9.000067500505793,-21.00015750118132,-18.000135001012264,-30.00022500168751,-15.000112500843446,-6.000045000337536,6.000045000337878,-3.000022500168768,0.0,9.000067500506189,-6.000045000337651,-18.000135001012552,-9.000067500505793,-9.000067500506248,31,0
580,580,16,26,805728,29,28,1658.812565183392,1290.041524962846,7.822190804634602,-6.037392693235687,18.075820163379603,-14.95910172810568,23.117696267919197,-24.9464153046456,35.755260064420554,-38.66982472440645,26.492673430667075,-37.070791088400256,9.420420595498854,-32.11691295378523,37.679172738651225,-33.82832636914986,36.04884980404177,-41.019221150027306,47,0
581,581,13,26,921826,10,8,1391.5104363282724,869.5065212989098,0.0,15.00011250084367,6.000045000337195,6.000045000337424,-15.0001125008439,12.000090000675073,-6.000045000337651,3.0000225001685976,-18.000135001012726,15.00011250084367,-15.0001125008439,-3.0000225001689387,0.0,12.000090000675073,3.0000225001685976,3.0000225001685976,23,0
582,582,6,26,806177,6,5,1117.9916308930526,1594.5885511596825,4.3554298474671205,2.1854502145649803,5.183864857405523,3.520593394576053,12.783709452129642,7.489333507138554,33.073328426412445,18.93080045168313,37.905899211363476,24.26397903269958,35.34733987348545,22.098908576032272,25.254974325289375,12.807454928691639,35.94336525569292,22.775502228324285,29,0
583,583,10,26,921080,2,1,1328.5099638247286,689.5051712887848,0.0,0.0,6.000045000337651,-3.000022500168825,6.000045000337651,-3.000022500168825,6.000045000337651,-3.000022500168825,-3.0000225001685976,-3.000022500168825,-3.0000225001685976,-3.000022500168825,6.000045000337651,-3.0000225001688254,3.0000225001688254,-3.0000225001688254,17,0
584,584,9,26,805940,42,41,1767.3130410848964,1410.510551406726,-0.4990761981225661,2.901362190141981,-1.2904881804627166,2.2275893816824914,0.6866427487025248,-0.023377546373012592,14.200320265313618,-7.000025077778447,20.200365265651048,-10.000047577947498,29.20043276615797,-22.00013757862257,11.200297765145024,-7.000025077778447,17.200342765482446,-22.00013757862257,34,0
585,585,35,26,804534,57,0,897.156138327199,419.025620558148,25.46263179335961,4.0977696473856335,12.95167420559517,-4.021890549312388,26.553684591105018,4.250905895362848,-66.56319484642256,21.55008918476335,-105.09477335808504,28.82626494623088,-139.0674117699316,39.01755746124753,-11.358272939372569,-4.4155481539904144,-88.66005004289818,30.9192846461018,50,0
586,586,34,26,804151,56,0,825.7688119166928,170.4120055016983,30.1639760608997,-2.699577783164443,31.876787937248537,4.649441060258739,79.74989634301448,47.71131031921277,91.29849722196829,88.84540641376336,72.13618196075345,157.7141960118062,-46.65952039182969,-24.121744720934228,88.86058632960031,68.74847784212811,163.35859741072667,128.1931538090753,49,0
587,587,6,26,806519,7,5,1220.8191110458874,1823.7449149447928,0.539609379212834,0.8524107729158459,-1.5047081150885333,6.73238043787137,1.2915569652363956,13.502507192516305,-0.5249530078456246,32.79588464871881,-0.8412102571912783,46.861055118234155,-7.161448248106581,61.88812675003372,-0.20263923171728493,22.093329641471648,0.27475424343492705,39.48548929415574,27,0
588,588,3,26,804723,17,0,1605.6046777894285,550.2370584593893,1.195747648721408,0.6932811120490214,2.549790173750353,0.4564790747688221,0.8120968985228956,-1.676867745878326,-5.712365706979426,-8.920655463511025,-14.434032086246589,-10.006869759341157,-7.18863684077337,-8.288238194973246,-1.3228979631041966,-4.804397214504547,-6.811530787911124,-8.758210942498406,4,0
589,589,0,26,923569,11,0,941.5070613029598,1247.5093563201724,-15.000112500843786,3.0000225001685976,-12.000090000675184,0.0,-12.000090000675184,0.0,-6.000045000337536,-6.000045000337424,-3.0000225001685976,-3.000022500168825,-3.0000225001685976,3.0000225001685976,-12.000090000675184,3.0000225001685976,0.0,0.0,1,0
590,590,6,27,832780,7,5,1221.0938652893226,1863.2304042389483,-2.024815920338142,4.391058642735288,-1.1159645006262051,7.3755658240784205,-4.919834588469938,16.98938229611349,-6.5343591216199,21.616475753530718,-6.688427670070951,14.9934104088411,-6.1200458951684595,16.975053350909548,-7.436202491541507,22.402637455878,-5.855112546149713,18.90662626537778,27,0
591,591,9,27,830916,43,41,1666.6070479802645,806.3240400989644,-1.2798803381263042,1.1393032814420394,0.9054583635336256,3.182031196570506,-5.094586636804252,-2.8180138037672577,-14.094654137310727,-2.8180138037672577,-20.094699137647922,-20.818148804779526,-29.094766638154624,-38.81828380579236,-17.094676637479324,3.182031196570506,-32.094789138322994,-14.818103804442105,37,0
592,592,23,27,830341,44,0,1170.5480538656345,471.2198746479923,-24.651821861836876,-26.42936795111774,-24.817391178016805,-25.34559651132628,-21.252939925331248,-23.464338555222355,10.795703592727252,13.687803818815894,1.0738453069275238,14.957664478063974,-3.166813371792614,19.371139294806877,5.202522064033246,12.34824642708287,6.9016479471047205,15.436524194562708,36,0
593,593,1,27,921927,13,12,1283.5096263221976,323.50242626819704,6.000045000337195,3.000022500168712,15.00011250084367,6.00004500033748,9.000067500505793,21.00015750118115,6.000045000337195,36.00027000202499,21.000157501180862,66.0004950037125,15.00011250084367,72.00054000405005,9.000067500505793,18.000135001012442,18.00013500101204,60.00045000337502,31,0
594,594,3,27,830470,17,0,1598.7931470015176,541.4788475168908,-3.9900473035272634,-0.6626242180341251,-7.622501298335464,-1.2486588168427488,0.2853307580710407,0.7479170688259273,7.453167597397622,1.5277174187491482,-10.55481851733748,-3.84792059380743,-3.784185124455689,3.1482167876414446,-0.3771060528622456,0.4699727475251621,-1.7811694116851406,-1.4747974865157405,4,0
595,595,13,27,921924,10,8,1394.5104588284412,872.5065437990784,-12.000090000675073,0.0,-21.00015750118132,12.000090000675073,-12.000090000675073,0.0,-18.000135001012495,-6.000045000337536,-18.000135001012495,3.000022500168825,-18.000135001012495,3.000022500168825,-18.000135001012495,-6.000045000337536,-15.00011250084367,9.000067500506475,23,0
596,596,16,27,831106,30,28,1222.480817938525,948.5072656028932,-1.109340629547205,-0.6828302319945578,-3.4324736707098964,-1.5042635848164991,-3.3647180413877322,-1.6686174199934385,-2.8811160081136222,-0.9118036854722504,-3.354019870825141,-0.7362522116239916,-5.645453421412183,-0.5716215579374193,-3.191622666227204,-1.3483849589036936,-3.0064209675344955,0.10891413185697728,46,0
597,597,4,27,921921,24,22,1067.5080063100472,914.506858801441,15.00011250084367,-15.00011250084367,12.000090000674849,-3.000022500168825,9.000067500505793,-6.000045000337536,6.000045000337424,-9.000067500506361,-33.000247501856386,-21.000157501181206,3.0000225001685976,-15.00011250084367,3.0000225001685976,-15.00011250084367,12.000090000674849,-12.000090000675073,40,0
598,598,19,27,829660,36,35,1295.1065067664836,178.99158061446954,0.8411894953255796,-1.5505143389366935,1.626380782135584,-5.552243830836716,2.878026332224408,-6.905982823306233,4.586998746927975,-24.104172603480983,5.808888769075111,-38.43304089475153,7.0884845083794525,-66.62114726514095,3.849555915819337,-20.281820494378678,6.128465471519803,-24.631873106329927,35,0
599,599,16,27,831518,29,28,1694.8614149874338,1249.0223038128186,-2.2841278614089333,-0.0825075858465425,-9.556176373374685,3.9484300616270502,-8.562180443949273,5.926134404454615,-27.550961642824632,11.91404543173826,-48.18323941821768,24.559322180673465,-61.708436515069934,33.39418538746418,-26.628429208542908,8.902308196242073,-39.413771609567455,18.534315836649736,47,0
600,600,0,27,923613,11,0,941.5070613029598,1247.5093563201724,-3.0000225001685976,-3.000022500168825,-3.0000225001685976,-3.000022500168825,-3.0000225001685976,3.0000225001685976,-3.0000225001685976,-6.000045000337424,-9.000067500506248,-18.000135001012495,-3.0000225001685976,3.0000225001685976,-3.0000225001685976,3.0000225001685976,3.0000225001688254,-6.000045000337424,1,0
601,601,34,27,829915,56,0,989.1274093274194,298.6051593107736,-39.88023952924357,33.84559779556849,-91.22241544997324,29.52104220273088,-193.76240260408278,-70.55078407480481,-271.20739069614206,-200.80728709601985,-339.43188091012837,-264.30798839507486,-285.2243156804841,-248.27970359627705,-210.01811780255642,-152.31489853000954,-327.98660386467134,-236.08564548440154,49,0
602,602,1,27,830868,14,12,1113.7948371176249,771.861185365585,-1.3746502748945204,2.146040770761488,-0.7679094512889151,0.7319692513290192,0.2299418662289554,0.0980765540620041,-2.3781574771398937,3.19729568975788,-2.6574958374073963,1.5033325859097886,4.713551695291017,7.644660928262397,-0.1942031410931122,-0.033247320072746334,-3.2680481427466934,2.353386934934406,30,0
603,603,10,27,921110,2,1,1331.5099863248975,686.5051487886159,-6.000045000337424,0.0,-6.000045000337424,0.0,-6.000045000337424,0.0,-45.00033750253169,-12.00009000067496,-42.00031500236264,-15.000112500843553,-51.00038250286865,-21.000157501181096,-6.000045000337424,0.0,-45.00033750253169,-12.00009000067496,17,0
604,604,36,27,831063,58,0,1744.8466314251716,916.5298602948793,-9.615964239974346,4.557197761719749,-23.16351435604611,12.261051711793016,-37.940505053590186,24.041850667149447,-46.06002284636816,33.25125803513299,-42.33726905230128,32.461716080986086,-33.70706869067499,21.935575867716352,-44.53137843533887,30.13602117459334,-47.49617852099686,35.317350868142746,51,0
605,605,2,27,831249,16,0,1060.6551547336096,1066.0956777930478,-15.445277371770999,-3.5872804702601115,3.097952061028081,0.738729508429742,-13.237106010040181,-4.937443806072679,-11.18314964629326,-2.5302946535871342,-11.647287174602981,-4.0877127333099015,9.911501226911467,3.089190360331031,-16.562475860685936,-5.729163738021271,-16.647324674884207,-3.0877052332532458,3,0
606,606,4,27,3134606,23,22,1208.938031368667,1096.5289885026007,0.0,0.0,0.0,0.0,0.0,0.0,0.0,0.0,0.0,0.0,0.0,0.0,0.0,0.0,0.0,0.0,39,0
607,607,14,27,831914,21,0,1154.9031182237873,1485.6144460661346,-6.692871180602424,-7.179160299653858,-13.465690056029873,-11.884627345830948,-21.26025334988367,-10.88496852387834,-27.206184740279934,-14.972688694666205,-34.06863560714578,-12.776888266482954,-34.086216708110896,-10.17893657679224,-27.491580964668174,-14.294658118197505,-29.8744683414252,-11.74809927440265,15,0
608,608,6,27,832098,6,5,1153.9349961487455,1617.3640533880068,0.4633171413047421,1.0837790717573623,1.9625339556705512,1.4884768043752956,3.1383978684466456,-0.4567462705495018,8.518677561843331,2.89054362007505,2.5083616838396665,15.716534713642886,-5.675736556260518,40.63520466563977,-0.5960253822074719,-0.6765936522920128,9.60986026580622,6.199196629764629,29,0
609,609,9,27,923616,42,41,1784.5133838503793,1388.5104138281035,0.0,0.0,3.0000225001685976,12.000090000675073,12.000090000675527,9.000067500506248,27.000202501518746,-9.00006750050602,6.000045000337651,-18.000135001012264,-3.000022500168825,-21.000157501181096,12.000090000675527,0.0,15.00011250084367,-12.000090000674849,34,0
610,610,11,27,922686,4,0,326.50244876836575,698.5052387892907,9.000067500506248,15.00011250084367,0.0,18.000135001012726,12.000090000675016,21.000157501181206,9.000067500506248,9.000067500506361,6.000045000337536,18.000135001012726,18.000135001012442,15.00011250084367,6.000045000337536,3.0000225001688254,3.000022500168768,12.00009000067496,12,0
611,611,13,27,830974,9,8,1342.9796315900182,844.8870389001761,-0.7023532178527603,0.1958283924321904,-1.6046395763407872,0.093557752038123,0.060142842632103566,-0.22894018746808345,1.3561414126036198,-0.8729272318348649,0.6857606943258361,-0.8656629623338858,0.5229357741416152,-0.24875608181355344,-0.1215525078293922,-0.5362733028285902,0.711823993890448,-0.2987191432463305,22,0
612,612,35,27,830199,57,0,808.4960882843006,449.9449052042497,-8.540184010632856,2.6842092691088624,-16.43472331518683,-2.093019699870922,-22.1725709232644,-6.954331727408428,-57.11459984461714,20.978166092174376,-70.64553743416036,10.87934043822247,-87.95912705350418,18.569046838752968,-50.40736172703338,8.09827281514572,-62.638388573775615,9.376067854788232,50,0
613,613,16,28,867150,29,28,1655.4476433778666,1267.5566196494685,-2.898907004304192,3.1309476912263112,-8.769467808650234,6.025006344023723,-13.480205231397347,9.1683062379102,-32.96661256296011,23.774487130952593,0.0,0.0,0.0,0.0,-22.294664905502486,14.859869550814436,0.0,0.0,47,0
614,614,4,28,3134636,23,22,1208.938031368667,1096.5289885026007,0.0,0.0,0.0,0.0,0.0,0.0,0.0,0.0,0.0,0.0,0.0,0.0,0.0,0.0,0.0,0.0,39,0
615,615,4,28,922186,24,22,1079.5080963107223,902.5067688007659,-6.000045000337424,0.0,-45.00033750253125,-9.000067500506132,-6.000045000337424,9.000067500506248,-12.000090000674849,0.0,0.0,0.0,0.0,0.0,-9.000067500506248,-3.0000225001685976,0.0,0.0,40,0
616,616,9,28,922059,43,41,1634.5122588419413,791.5059362945223,18.000135001012264,6.000045000337536,12.000090000675073,-6.000045000337424,0.0,-9.000067500506361,-6.000045000337424,-30.00022500168757,0.0,0.0,0.0,0.0,3.0000225001683702,-24.00018000135026,0.0,0.0,37,0
617,617,36,28,866759,58,0,1697.3504529041747,951.847211163022,1.9971757559271737,-0.7595369248385849,5.158909468695582,-2.8556347871566463,9.28479802247648,-7.972112962807273,17.79105818437779,-14.135323919353256,0.0,0.0,0.0,0.0,13.789109830321875,-13.381775000426387,0.0,0.0,51,0
618,618,23,28,866054,44,0,1177.4497018127392,486.656398842555,-1.1649036315154715,1.3706712660309108,-5.827802640177198,-0.4788597164987322,-6.0851369724371125,3.396236588866145,-10.367351611936556,1.9902901559122483,0.0,0.0,0.0,0.0,-10.068461318897334,3.9346151002441734,0.0,0.0,36,0
619,619,2,28,866881,16,0,1044.0078300587254,1063.0079725597946,15.031610950224376,3.4148882025649527,5.000037500281223,-1.0000075000566542,23.587908766175126,4.0942550191239215,10.354376285561557,0.6824869942352052,0.0,0.0,0.0,0.0,26.55882590179567,6.176895593584278,0.0,0.0,3,0
620,620,16,28,866755,30,28,1219.4743969709905,948.6161797347504,1.1104837001817032,-0.4632452879192215,-0.3475989032906455,-0.8451663434809689,-0.16788815688482828,-1.9536109576483798,-3.5129561130679576,0.6928876912407986,0.0,0.0,0.0,0.0,-2.639032453877689,-0.6805356897943966,0.0,0.0,46,0
621,621,6,28,868124,7,5,1215.2387527431727,1882.1370305043265,1.2627044700370789,-3.75617639441316,-0.8333151239212384,-3.913215856536681,0.13863039268539978,-3.1736750200493584,-0.8418422079359971,1.4222012252930654,0.0,0.0,0.0,0.0,-0.2649333490187473,-1.9315729144682336,0.0,0.0,27,0
622,622,9,28,923676,42,41,1799.5134963512226,1376.510323827429,0.0,0.0,-9.00006750050602,-6.000045000337424,6.000045000338331,-9.000067500506248,-9.00006750050602,3.000022500168825,0.0,0.0,0.0,0.0,-18.000135001012495,-9.000067500506248,0.0,0.0,34,0
623,623,0,28,923673,11,0,944.5070838031288,1241.509311319835,-6.000045000337424,12.000090000674618,-12.000090000675073,-12.000090000675073,-3.000022500168825,0.0,-3.000022500168825,6.000045000337424,0.0,0.0,0.0,0.0,-6.000045000337424,9.00006750050602,0.0,0.0,1,0
624,624,3,28,866134,17,0,1597.0119775898318,540.0040500303752,-1.4385715085225002,-1.0824738148004371,-8.77364910565234,-2.37312310729169,-9.222479388641887,0.3129890800653357,7.038687203443488,6.216219455994293,0.0,0.0,0.0,0.0,-2.0030157127705484,4.6230142741571845,0.0,0.0,4,0
625,625,13,28,922029,10,8,1379.5103463275973,881.5066112995848,-9.000067500506248,-12.000090000675073,-3.000022500168825,-6.000045000337651,-6.000045000337651,3.0000225001685976,3.0000225001685976,-15.000112500844011,0.0,0.0,0.0,0.0,-3.0000225001688254,-6.000045000337651,0.0,0.0,23,0
626,626,1,28,922026,13,12,1301.5097613232094,383.50287627157206,3.000022500168825,-3.000022500168712,3.000022500168825,6.00004500033748,3.000022500168825,21.00015750118115,-15.0001125008439,15.00011250084367,0.0,0.0,0.0,0.0,-3.0000225001683702,12.000090000675016,0.0,0.0,31,0
627,627,35,28,866021,57,0,745.857699710525,459.3209730590378,-8.010962324757656,6.159196577060015,-8.007148860384746,1.5032725834342386,-7.841119314314143,-5.226784415773636,-31.35197060134817,17.102474291860176,0.0,0.0,0.0,0.0,-25.32073847972856,9.192978983964737,0.0,0.0,50,0
628,628,11,28,922722,4,0,329.5024712685345,710.5053287899658,-3.000022500168768,-3.0000225001685976,3.000022500168768,6.000045000337764,-3.000022500168768,12.000090000675302,15.00011250084367,0.0,0.0,0.0,0.0,0.0,15.00011250084367,3.000022500168712,0.0,0.0,12,0
629,629,19,28,865506,36,35,1301.2349722380036,154.35970750813962,-0.6463879893994999,-8.197782886605921,-0.3195767024446923,-13.801167788421596,-0.7702173227096409,-19.546110477412753,3.301248078248136,-47.96713300247738,0.0,0.0,0.0,0.0,0.9600190368596486,-41.98927415881103,0.0,0.0,35,0
630,630,6,28,867711,6,5,1163.5448564145518,1623.5632500177717,-2.544404693271872,4.766797359033035,-7.101498581966553,9.517338083878258,-14.525351021488405,22.536752395541725,-13.558313070390112,43.15469342244251,0.0,0.0,0.0,0.0,-15.285596822066735,34.43600803587515,0.0,0.0,29,0
631,631,34,28,865338,56,0,661.1408054627481,62.519513826372076,-8.841493962247455,-16.537353988037086,-11.445277045457035,-28.222342910673355,16.378492373110703,-25.78997166265243,56.64411993590602,38.607975215272106,0.0,0.0,0.0,0.0,42.76228818418724,-12.194058111875501,0.0,0.0,49,0
632,632,1,28,866490,14,12,1110.5267889748784,774.2145723005194,-0.8219717244476215,0.39982575975091095,0.6105523053392972,-0.8500543490246173,-4.018490162637363,-3.708793507178484,4.981577337868885,8.291296493496475,0.0,0.0,0.0,0.0,7.9815998380377104,5.291273993327992,0.0,0.0,30,0
633,633,14,28,867447,21,0,1125.028649882362,1473.866346791732,-2.233269121021749,-1.6108430995159324,-4.19416726572058,-1.0287889920803082,-4.354189642467418,-0.7089320611721632,-1.0263813881881558,5.594412898660039,0.0,0.0,0.0,0.0,-4.211748366685697,1.5691626976104092,0.0,0.0,15,0
634,634,10,28,921140,2,1,1286.5096488223658,674.5050587879409,6.000045000337651,-6.000045000337536,3.0000225001690524,-3.0000225001685976,3.0000225001690524,3.000022500168712,3.0000225001690524,-9.000067500506132,0.0,0.0,0.0,0.0,-6.000045000336968,-9.000067500506132,0.0,0.0,17,0
635,635,13,28,866609,9,8,1343.6914555839087,844.5883197569298,0.1761008480802957,-0.4481714653049949,-0.02606329956461196,-0.5669438190875553,0.6904853696937607,-0.59743505495112,0.09371295180926607,0.8241512396232338,0.0,0.0,0.0,0.0,-0.18888821974883285,0.04996306143277707,0.0,0.0,22,0
